0.000000000000000000e+00 0.000000000000000000e+00
9.775171065493646130e-04 8.792563331258689300e-04
1.955034213098729226e-03 1.743952970773545103e-03
2.932551319648093839e-03 2.594087641220581102e-03
3.910068426197458452e-03 3.429664799899535734e-03
4.887585532746823065e-03 4.250695584007630097e-03
5.865102639296187678e-03 5.057197758805904650e-03
6.842619745845552291e-03 5.849195655827284582e-03
7.820136852394916904e-03 6.626720103230413807e-03
8.797653958944280650e-03 7.389808348544501734e-03
9.775171065493646130e-03 8.138503974048928377e-03
1.075268817204301161e-02 8.872856805026580265e-03
1.173020527859237536e-02 9.592922811122237339e-03
1.270772238514173910e-02 1.029876400103307138e-02
1.368523949169110458e-02 1.099044831075576302e-02
1.466275659824047006e-02 1.166804948561902394e-02
1.564027370478983381e-02 1.233164695633712747e-02
1.661779081133919755e-02 1.298132570933104718e-02
1.759530791788856130e-02 1.361717615157676323e-02
1.857282502443792851e-02 1.423929397025378019e-02
1.955034213098729226e-02 1.484777998747882286e-02
2.052785923753665601e-02 1.544274001042201735e-02
2.150537634408602322e-02 1.602428467711066590e-02
2.248289345063538697e-02 1.659252929823442843e-02
2.346041055718475071e-02 1.714759369526938290e-02
2.443792766373411446e-02 1.768960203524376842e-02
2.541544477028347820e-02 1.821868266246821910e-02
2.639296187683284542e-02 1.873496792755770246e-02
2.737047898338220916e-02 1.923859401406854963e-02
2.834799608993157291e-02 1.972970076307657000e-02
2.932551319648094013e-02 2.020843149602025157e-02
3.030303030303030387e-02 2.067493283612806959e-02
3.128054740957966762e-02 2.112935452875046652e-02
3.225806451612903136e-02 2.157184926091117172e-02
3.323558162267839511e-02 2.200257248038654107e-02
3.421309872922775885e-02 2.242168221462229744e-02
3.519061583577712260e-02 2.282933888978358819e-02
3.616813294232649328e-02 2.322570515023614571e-02
3.714565004887585703e-02 2.361094567874492609e-02
3.812316715542522078e-02 2.398522701766733420e-02
3.910068426197458452e-02 2.434871739141734534e-02
4.007820136852394827e-02 2.470158653046359426e-02
4.105571847507331201e-02 2.504400549711170709e-02
4.203323558162267576e-02 2.537614651332245619e-02
4.301075268817204644e-02 2.569818279079970694e-02
4.398826979472141019e-02 2.601028836357282062e-02
4.496578690127077393e-02 2.631263792329082557e-02
4.594330400782013768e-02 2.660540665743283545e-02
4.692082111436950143e-02 2.688877009063132817e-02
4.789833822091886517e-02 2.716290392928798550e-02
4.887585532746822892e-02 2.742798390965819552e-02
4.985337243401759266e-02 2.768418564956222350e-02
5.083088954056695641e-02 2.793168450387501292e-02
5.180840664711632709e-02 2.817065542393242666e-02
5.278592375366569084e-02 2.840127282097861319e-02
5.376344086021505458e-02 2.862371043377371499e-02
5.474095796676441833e-02 2.883814120046175947e-02
5.571847507331378208e-02 2.904473713479382643e-02
5.669599217986314582e-02 2.924366920678725043e-02
5.767350928641250957e-02 2.943510722789267203e-02
5.865102639296188025e-02 2.961921974072304065e-02
5.962854349951124400e-02 2.979617391339940344e-02
6.060606060606060774e-02 2.996613543854899711e-02
6.158357771260997149e-02 3.012926843698020274e-02
6.256109481915933523e-02 3.028573536605658895e-02
6.353861192570869898e-02 3.043569693277603169e-02
6.451612903225806273e-02 3.057931201155035528e-02
6.549364613880742647e-02 3.071673756667776811e-02
6.647116324535679022e-02 3.084812857948773107e-02
6.744868035190615396e-02 3.097363798012659972e-02
6.842619745845551771e-02 3.109341658395150046e-02
6.940371456500488145e-02 3.120761303248355614e-02
7.038123167155424520e-02 3.131637373887141695e-02
7.135874877810362282e-02 3.141984283780221987e-02
7.233626588465298657e-02 3.151816213979809211e-02
7.331378299120235031e-02 3.161147108982205467e-02
7.429130009775171406e-02 3.169990673011537780e-02
7.526881720430107781e-02 3.178360366718425284e-02
7.624633431085044155e-02 3.186269404284328838e-02
7.722385141739980530e-02 3.193730750922585404e-02
7.820136852394916904e-02 3.200757120765550939e-02
7.917888563049853279e-02 3.207360975128524527e-02
8.015640273704789653e-02 3.213554521139081604e-02
8.113391984359726028e-02 3.219349710720995072e-02
8.211143695014662403e-02 3.224758239921963338e-02
8.308895405669598777e-02 3.229791548572927273e-02
8.406647116324535152e-02 3.234460820267915510e-02
8.504398826979471526e-02 3.238776982652111919e-02
8.602150537634409289e-02 3.242750708006082727e-02
8.699902248289345663e-02 3.246392414114454561e-02
8.797653958944282038e-02 3.249712265406297373e-02
8.895405669599218412e-02 3.252720174355155924e-02
8.993157380254154787e-02 3.255425803126177353e-02
9.090909090909091161e-02 3.257838565459098001e-02
9.188660801564027536e-02 3.259967628772930670e-02
9.286412512218963911e-02 3.261821916481515843e-02
9.384164222873900285e-02 3.263410110508294798e-02
9.481915933528836660e-02 3.264740653986572538e-02
9.579667644183773034e-02 3.265821754134939220e-02
9.677419354838709409e-02 3.266661385295602238e-02
9.775171065493645783e-02 3.267267292123889055e-02
9.872922776148582158e-02 3.267646992918062099e-02
9.970674486803518533e-02 3.267807783078455208e-02
1.006842619745845491e-01 3.267756738683649104e-02
1.016617790811339128e-01 3.267500720175338380e-02
1.026392961876832904e-01 3.267046376139899622e-02
1.036168132942326542e-01 3.266400147176354990e-02
1.045943304007820179e-01 3.265568269842622495e-02
1.055718475073313817e-01 3.264556780668557978e-02
1.065493646138807454e-01 3.263371520227735523e-02
1.075268817204301092e-01 3.262018137258788919e-02
1.085043988269794729e-01 3.260502092827673171e-02
1.094819159335288367e-01 3.258828664522294555e-02
1.104594330400782004e-01 3.257002950671632896e-02
1.114369501466275642e-01 3.255029874582651694e-02
1.124144672531769279e-01 3.252914188786012323e-02
1.133919843597262916e-01 3.250660479284454146e-02
1.143695014662756554e-01 3.248273169797891158e-02
1.153470185728250191e-01 3.245756525997504222e-02
1.163245356793743829e-01 3.243114659723685816e-02
1.173020527859237605e-01 3.240351533181822646e-02
1.182795698924731242e-01 3.237470963110882644e-02
1.192570869990224880e-01 3.234476624919327414e-02
1.202346041055718517e-01 3.231372056783670538e-02
1.212121212121212155e-01 3.228160663705771649e-02
1.221896383186705792e-01 3.224845721523970227e-02
1.231671554252199430e-01 3.221430380874419630e-02
1.241446725317693067e-01 3.217917671099806282e-02
1.251221896383186705e-01 3.214310504101184490e-02
1.260997067448680342e-01 3.210611678130279034e-02
1.270772238514173980e-01 3.206823881519919872e-02
1.280547409579667617e-01 3.202949696349279007e-02
1.290322580645161255e-01 3.198991602042825649e-02
1.300097751710654892e-01 3.194951978900027745e-02
1.309872922776148529e-01 3.190833111554380180e-02
1.319648093841642167e-01 3.186637192360845805e-02
1.329423264907135804e-01 3.182366324708899019e-02
1.339198435972629442e-01 3.178022526261964353e-02
1.348973607038123079e-01 3.173607732121080938e-02
1.358748778103616717e-01 3.169123797912343915e-02
1.368523949169110354e-01 3.164572502797641240e-02
1.378299120234603992e-01 3.159955552408701823e-02
1.388074291300097629e-01 3.155274581703528675e-02
1.397849462365591267e-01 3.150531157746096905e-02
1.407624633431084904e-01 3.145726782408732325e-02
1.417399804496578819e-01 3.140862894997081822e-02
1.427174975562072456e-01 3.135940874799472700e-02
1.436950146627566094e-01 3.130962043559825519e-02
1.446725317693059731e-01 3.125927667875034316e-02
1.456500488758553369e-01 3.120838961518015292e-02
1.466275659824047006e-01 3.115697087686906258e-02
1.476050830889540644e-01 3.110503161180930981e-02
1.485826001955034281e-01 3.105258250504390818e-02
1.495601173020527919e-01 3.099963379900626259e-02
1.505376344086021556e-01 3.094619531314527286e-02
1.515151515151515194e-01 3.089227646287740284e-02
1.524926686217008831e-01 3.083788627786729006e-02
1.534701857282502468e-01 3.078303341963643108e-02
1.544477028347996106e-01 3.072772619853211817e-02
1.554252199413489743e-01 3.067197259006151228e-02
1.564027370478983381e-01 3.061578025060990305e-02
1.573802541544477018e-01 3.055915653254674333e-02
1.583577712609970656e-01 3.050210849874826491e-02
1.593352883675464293e-01 3.044464293654380177e-02
1.603128054740957931e-01 3.038676637109642004e-02
1.612903225806451568e-01 3.032848507824099579e-02
1.622678396871945206e-01 3.026980509679609230e-02
1.632453567937438843e-01 3.021073224035632568e-02
1.642228739002932481e-01 3.015127210858207021e-02
1.652003910068426118e-01 3.009143009800556781e-02
1.661779081133919755e-01 3.003121141237342570e-02
1.671554252199413393e-01 2.997062107252285168e-02
1.681329423264907030e-01 2.990966392582350072e-02
1.691104594330400668e-01 2.984834465519391536e-02
1.700879765395894305e-01 2.978666778769865561e-02
1.710654936461387943e-01 2.972463770275817277e-02
1.720430107526881858e-01 2.966225863997220061e-02
1.730205278592375495e-01 2.959953470656388058e-02
1.739980449657869133e-01 2.953646988447911417e-02
1.749755620723362770e-01 2.947306803713768686e-02
1.759530791788856408e-01 2.940933291585649811e-02
1.769305962854350045e-01 2.934526816595294657e-02
1.779081133919843682e-01 2.928087733254259792e-02
1.788856304985337320e-01 2.921616386605119242e-02
1.798631476050830957e-01 2.915113112743066351e-02
1.808406647116324595e-01 2.908578239312723662e-02
1.818181818181818232e-01 2.902012085977127148e-02
1.827956989247311870e-01 2.895414964863114726e-02
1.837732160312805507e-01 2.888787180982576100e-02
1.847507331378299145e-01 2.882129032631121010e-02
1.857282502443792782e-01 2.875440811765543614e-02
1.867057673509286420e-01 2.868722804359897030e-02
1.876832844574780057e-01 2.861975290742586539e-02
1.886608015640273694e-01 2.855198545913491259e-02
1.896383186705767332e-01 2.848392839844764504e-02
1.906158357771260969e-01 2.841558437762865125e-02
1.915933528836754607e-01 2.834695600414973218e-02
1.925708699902248244e-01 2.827804584320674219e-02
1.935483870967741882e-01 2.820885642007675206e-02
1.945259042033235519e-01 2.813939022233231946e-02
1.955034213098729157e-01 2.806964970194087208e-02
1.964809384164222794e-01 2.799963727721856144e-02
1.974584555229716432e-01 2.792935533467055462e-02
1.984359726295210069e-01 2.785880623072262488e-02
1.994134897360703707e-01 2.778799229333292833e-02
2.003910068426197344e-01 2.771691582351199293e-02
2.013685239491690981e-01 2.764557909674019570e-02
2.023460410557184619e-01 2.757398436429294580e-02
2.033235581622678256e-01 2.750213385448559492e-02
2.043010752688172171e-01 2.743002977382737878e-02
2.052785923753665809e-01 2.735767430809772985e-02
2.062561094819159446e-01 2.728506962336003927e-02
2.072336265884653084e-01 2.721221786689907024e-02
2.082111436950146721e-01 2.713912116808568295e-02
2.091886608015640359e-01 2.706578163919889576e-02
2.101661779081133996e-01 2.699220137617124038e-02
2.111436950146627634e-01 2.691838245928530882e-02
2.121212121212121271e-01 2.684432695383255976e-02
2.130987292277614908e-01 2.677003691070074451e-02
2.140762463343108546e-01 2.669551436693288690e-02
2.150537634408602183e-01 2.662076134623529364e-02
2.160312805474095821e-01 2.654577985945579324e-02
2.170087976539589458e-01 2.647057190501055438e-02
2.179863147605083096e-01 2.639513946928334978e-02
2.189638318670576733e-01 2.631948452699381380e-02
2.199413489736070371e-01 2.624360904153550181e-02
2.209188660801564008e-01 2.616751496527490103e-02
2.218963831867057646e-01 2.609120423983139411e-02
2.228739002932551283e-01 2.601467879634033684e-02
2.238514173998044920e-01 2.593794055567711157e-02
2.248289345063538558e-01 2.586099142865986786e-02
2.258064516129032195e-01 2.578383331625139566e-02
2.267839687194525833e-01 2.570646810972060728e-02
2.277614858260019470e-01 2.562889769079161606e-02
2.287390029325513108e-01 2.555112393178880087e-02
2.297165200391006745e-01 2.547314869574595145e-02
2.306940371456500383e-01 2.539497383652161364e-02
2.316715542521994020e-01 2.531660119888739027e-02
2.326490713587487658e-01 2.523803261860689540e-02
2.336265884652981295e-01 2.515926992250985123e-02
2.346041055718475210e-01 2.508031492854932362e-02
2.355816226783968848e-01 2.500116944585007231e-02
2.365591397849462485e-01 2.492183527475071159e-02
2.375366568914956122e-01 2.484231420683829378e-02
2.385141739980449760e-01 2.476260802497096125e-02
2.394916911045943397e-01 2.468271850329611938e-02
2.404692082111437035e-01 2.460264740726640642e-02
2.414467253176930672e-01 2.452239649364237190e-02
2.424242424242424310e-01 2.444196751049556443e-02
2.434017595307917947e-01 2.436136219720720641e-02
2.443792766373411585e-01 2.428058228445356681e-02
2.453567937438905222e-01 2.419962949420460807e-02
2.463343108504398860e-01 2.411850553970402988e-02
2.473118279569892497e-01 2.403721212544754002e-02
2.482893450635386134e-01 2.395575094716909451e-02
2.492668621700879772e-01 2.387412369181382207e-02
2.502443792766373409e-01 2.379233203750965100e-02
2.512218963831867047e-01 2.371037765354644736e-02
2.521994134897360684e-01 2.362826220034495647e-02
2.531769305962854322e-01 2.354598732942042583e-02
2.541544477028347959e-01 2.346355468335598743e-02
2.551319648093841597e-01 2.338096589577204343e-02
2.561094819159335234e-01 2.329822259128900078e-02
2.570869990224828872e-01 2.321532638548867711e-02
2.580645161290322509e-01 2.313227888488722517e-02
2.590420332355816146e-01 2.304908168689654216e-02
2.600195503421309784e-01 2.296573637978656726e-02
2.609970674486803421e-01 2.288224454265199229e-02
2.619745845552297059e-01 2.279860774537545431e-02
2.629521016617790696e-01 2.271482754859423941e-02
2.639296187683284334e-01 2.263090550365816356e-02
2.649071358748777971e-01 2.254684315260203908e-02
2.658846529814271609e-01 2.246264202810532157e-02
2.668621700879765246e-01 2.237830365345705452e-02
2.678396871945258884e-01 2.229382954252879731e-02
2.688172043010752521e-01 2.220922119973249217e-02
2.697947214076246158e-01 2.212448011999428379e-02
2.707722385141739796e-01 2.203960778871725049e-02
2.717497556207233433e-01 2.195460568174812180e-02
2.727272727272727071e-01 2.186947526535600733e-02
2.737047898338220708e-01 2.178421799619421201e-02
2.746823069403714346e-01 2.169883532127008657e-02
2.756598240469207983e-01 2.161332867792151863e-02
2.766373411534701621e-01 2.152769949378630088e-02
2.776148582600195258e-01 2.144194918677419168e-02
2.785923753665688896e-01 2.135607916504828410e-02
2.795698924731182533e-01 2.127009082698862533e-02
2.805474095796676171e-01 2.118398556117845680e-02
2.815249266862169808e-01 2.109776474637582722e-02
2.825024437927664001e-01 2.101142975148963254e-02
2.834799608993157638e-01 2.092498193556718844e-02
2.844574780058651275e-01 2.083842264776718245e-02
2.854349951124144913e-01 2.075175322733747302e-02
2.864125122189638550e-01 2.066497500360888612e-02
2.873900293255132188e-01 2.057808929596683170e-02
2.883675464320625825e-01 2.049109741383841471e-02
2.893450635386119463e-01 2.040400065668269633e-02
2.903225806451613100e-01 2.031680031396583888e-02
2.913000977517106738e-01 2.022949766516199052e-02
2.922776148582600375e-01 2.014209397972933913e-02
2.932551319648094013e-01 2.005459051710610507e-02
2.942326490713587650e-01 1.996698852669769389e-02
2.952101661779081287e-01 1.987928924786690893e-02
2.961876832844574925e-01 1.979149390992865701e-02
2.971652003910068562e-01 1.970360373214193744e-02
2.981427174975562200e-01 1.961561992370409666e-02
2.991202346041055837e-01 1.952754368374814975e-02
3.000977517106549475e-01 1.943937620132991928e-02
3.010752688172043112e-01 1.935111865543291676e-02
3.020527859237536750e-01 1.926277221497233599e-02
3.030303030303030387e-01 1.917433803878085610e-02
3.040078201368524025e-01 1.908581727561574001e-02
3.049853372434017662e-01 1.899721106414995614e-02
3.059628543499511300e-01 1.890852053299525715e-02
3.069403714565004937e-01 1.881974680068353861e-02
3.079178885630498574e-01 1.873089097568459219e-02
3.088954056695992212e-01 1.864195415640521047e-02
3.098729227761485849e-01 1.855293743118476002e-02
3.108504398826979487e-01 1.846384187832356485e-02
3.118279569892473124e-01 1.837466856607138446e-02
3.128054740957966762e-01 1.828541855264780372e-02
3.137829912023460399e-01 1.819609288623692464e-02
3.147605083088954037e-01 1.810669260501664851e-02
3.157380254154447674e-01 1.801721873715244476e-02
3.167155425219941312e-01 1.792767230081512148e-02
3.176930596285434949e-01 1.783805430420033755e-02
3.186705767350928586e-01 1.774836574553214155e-02
3.196480938416422224e-01 1.765860761308339286e-02
3.206256109481915861e-01 1.756878088518108033e-02
3.216031280547409499e-01 1.747888653023738428e-02
3.225806451612903136e-01 1.738892550675321183e-02
3.235581622678396774e-01 1.729889876333773335e-02
3.245356793743890411e-01 1.720880723874120347e-02
3.255131964809384049e-01 1.711865186184963888e-02
3.264907135874877686e-01 1.702843355172031087e-02
3.274682306940371324e-01 1.693815321760304415e-02
3.284457478005864961e-01 1.684781175895441394e-02
3.294232649071358598e-01 1.675741006545991910e-02
3.304007820136852236e-01 1.666694901706150186e-02
3.313782991202345873e-01 1.657642948398237864e-02
3.323558162267839511e-01 1.648585232673682038e-02
3.333333333333333148e-01 1.639521839617892954e-02
3.343108504398826786e-01 1.630452853350443723e-02
3.352883675464320423e-01 1.621378357029239214e-02
3.362658846529814061e-01 1.612298432853001562e-02
3.372434017595307698e-01 1.603213162062422370e-02
3.382209188660801336e-01 1.594122624945310332e-02
3.391984359726294973e-01 1.585026900838099745e-02
3.401759530791788610e-01 1.575926068129398019e-02
3.411534701857282248e-01 1.566820204262206473e-02
3.421309872922775885e-01 1.557709385737555963e-02
3.431085043988269523e-01 1.548593688117791758e-02
3.440860215053763715e-01 1.539473186029411550e-02
3.450635386119257353e-01 1.530347953166260634e-02
3.460410557184750990e-01 1.521218062293613546e-02
3.470185728250244628e-01 1.512083585250391556e-02
3.479960899315738265e-01 1.502944592952623962e-02
3.489736070381231903e-01 1.493801155398239572e-02
3.499511241446725540e-01 1.484653341669727768e-02
3.509286412512219178e-01 1.475501219936713009e-02
3.519061583577712815e-01 1.466344857461632234e-02
3.528836754643206453e-01 1.457184320602930572e-02
3.538611925708700090e-01 1.448019674817100852e-02
3.548387096774193727e-01 1.438850984664097159e-02
3.558162267839687365e-01 1.429678313811149834e-02
3.567937438905181002e-01 1.420501725036137260e-02
3.577712609970674640e-01 1.411321280231401729e-02
3.587487781036168277e-01 1.402137040407918853e-02
3.597262952101661915e-01 1.392949065699824150e-02
3.607038123167155552e-01 1.383757415367960902e-02
3.616813294232649190e-01 1.374562147803785710e-02
3.626588465298142827e-01 1.365363320534602326e-02
3.636363636363636465e-01 1.356160990226579384e-02
3.646138807429130102e-01 1.346955212689453056e-02
3.655913978494623739e-01 1.337746042881318188e-02
3.665689149560117377e-01 1.328533534912355006e-02
3.675464320625611014e-01 1.319317742048999910e-02
3.685239491691104652e-01 1.310098716719712564e-02
3.695014662756598289e-01 1.300876510517815811e-02
3.704789833822091927e-01 1.291651174206907317e-02
3.714565004887585564e-01 1.282422757725563620e-02
3.724340175953079202e-01 1.273191310190799341e-02
3.734115347018572839e-01 1.263956879904190589e-02
3.743890518084066477e-01 1.254719514356310989e-02
3.753665689149560114e-01 1.245479260229394140e-02
3.763440860215053752e-01 1.236236163404786162e-02
3.773216031280547389e-01 1.226990268966673264e-02
3.782991202346041026e-01 1.217741621206340323e-02
3.792766373411534664e-01 1.208490263627583911e-02
3.802541544477028301e-01 1.199236238951148330e-02
3.812316715542521939e-01 1.189979589120582215e-02
3.822091886608015576e-01 1.180720355305876421e-02
3.831867057673509214e-01 1.171458577909852659e-02
3.841642228739002851e-01 1.162194296571890210e-02
3.851417399804496489e-01 1.152927550172894861e-02
3.861192570869990126e-01 1.143658376842219930e-02
3.870967741935483764e-01 1.134386813960860593e-02
3.880742913000977401e-01 1.125112898166866562e-02
3.890518084066471038e-01 1.115836665361464100e-02
3.900293255131964676e-01 1.106558150712961056e-02
3.910068426197458313e-01 1.097277388663223455e-02
3.919843597262951951e-01 1.087994412931668486e-02
3.929618768328445588e-01 1.078709256521298565e-02
3.939393939393939226e-01 1.069421951724114014e-02
3.949169110459432863e-01 1.060132530125815035e-02
3.958944281524926501e-01 1.050841022611481365e-02
3.968719452590420138e-01 1.041547459371073084e-02
3.978494623655913776e-01 1.032251869904400078e-02
3.988269794721407413e-01 1.022954283026888608e-02
3.998044965786901050e-01 1.013654726874640283e-02
4.007820136852394688e-01 1.004353228910286923e-02
4.017595307917888325e-01 9.950498159291143105e-03
4.027370478983381963e-01 9.857445140625217470e-03
4.037145650048875600e-01 9.764373487849435998e-03
4.046920821114369238e-01 9.671283449202374219e-03
4.056695992179862875e-01 9.578175266455889875e-03
4.066471163245356513e-01 9.485049174972790334e-03
4.076246334310850705e-01 9.391905403776042854e-03
4.086021505376344343e-01 9.298744175595809874e-03
4.095796676441837980e-01 9.205565706921792560e-03
4.105571847507331618e-01 9.112370208066230756e-03
4.115347018572825255e-01 9.019157883226906411e-03
4.125122189638318893e-01 8.925928930523518989e-03
4.134897360703812530e-01 8.832683542074885874e-03
4.144672531769306167e-01 8.739421904056613247e-03
4.154447702834799805e-01 8.646144196737474974e-03
4.164222873900293442e-01 8.552850594562828521e-03
4.173998044965787080e-01 8.459541266192756315e-03
4.183773216031280717e-01 8.366216374573064510e-03
4.193548387096774355e-01 8.272876076992057015e-03
4.203323558162267992e-01 8.179520525123140304e-03
4.213098729227761630e-01 8.086149865105555709e-03
4.222873900293255267e-01 7.992764237595852139e-03
4.232649071358748905e-01 7.899363777816687318e-03
4.242424242424242542e-01 7.805948615626921022e-03
4.252199413489736179e-01 7.712518875576631835e-03
4.261974584555229817e-01 7.619074676967453434e-03
4.271749755620723454e-01 7.525616133915573672e-03
4.281524926686217092e-01 7.432143355402311309e-03
4.291300097751710729e-01 7.338656445338002411e-03
4.301075268817204367e-01 7.245155502630323298e-03
4.310850439882698004e-01 7.151640621225994164e-03
4.320625610948191642e-01 7.058111890192411697e-03
4.330400782013685279e-01 6.964569393767338495e-03
4.340175953079178917e-01 6.871013211406817867e-03
4.349951124144672554e-01 6.777443417873017621e-03
4.359726295210166191e-01 6.683860083272384449e-03
4.369501466275659829e-01 6.590263273125741492e-03
4.379276637341153466e-01 6.496653048431287429e-03
4.389051808406647104e-01 6.403029465716947831e-03
4.398826979472140741e-01 6.309392577107810797e-03
4.408602150537634379e-01 6.215742430389126043e-03
4.418377321603128016e-01 6.122079069063980118e-03
4.428152492668621654e-01 6.028402532415408181e-03
4.437927663734115291e-01 5.934712855570280395e-03
4.447702834799608929e-01 5.841010069554315211e-03
4.457478005865102566e-01 5.747294201364838880e-03
4.467253176930596203e-01 5.653565274024024111e-03
4.477028347996089841e-01 5.559823306644551093e-03
4.486803519061583478e-01 5.466068314490831956e-03
4.496578690127077116e-01 5.372300309040235235e-03
4.506353861192570753e-01 5.278519298050521509e-03
4.516129032258064391e-01 5.184725285614856689e-03
4.525904203323558028e-01 5.090918272233684212e-03
4.535679374389051666e-01 4.997098254864414460e-03
4.545454545454545303e-01 4.903265226999508133e-03
4.555229716520038941e-01 4.809419178719714916e-03
4.565004887585532578e-01 4.715560096756185246e-03
4.574780058651026216e-01 4.621687964558793271e-03
4.584555229716519853e-01 4.527802762363572486e-03
4.594330400782013490e-01 4.433904467242405154e-03
4.604105571847507128e-01 4.339993053173119876e-03
4.613880742913000765e-01 4.246068491112251105e-03
4.623655913978494403e-01 4.152130749042953935e-03
4.633431085043988040e-01 4.058179792049538236e-03
4.643206256109481678e-01 3.964215582381355046e-03
4.652981427174975315e-01 3.870238079508697172e-03
4.662756598240468953e-01 3.776247240191122137e-03
4.672531769305962590e-01 3.682243018548437066e-03
4.682306940371456228e-01 3.588225366116599285e-03
4.692082111436950420e-01 3.494194231908053470e-03
4.701857282502444058e-01 3.400149562489815022e-03
4.711632453567937695e-01 3.306091302042919906e-03
4.721407624633431332e-01 3.212019392416550628e-03
4.731182795698924970e-01 3.117933773207894228e-03
4.740957966764418607e-01 3.023834381818930189e-03
4.750733137829912245e-01 2.929721153518542211e-03
4.760508308895405882e-01 2.835594021518826960e-03
4.770283479960899520e-01 2.741452917030994668e-03
4.780058651026393157e-01 2.647297769332804772e-03
4.789833822091886795e-01 2.553128505833339619e-03
4.799608993157380432e-01 2.458945052138665488e-03
4.809384164222874070e-01 2.364747332119268228e-03
4.819159335288367707e-01 2.270535267977488898e-03
4.828934506353861345e-01 2.176308780307860923e-03
4.838709677419354982e-01 2.082067788161883794e-03
4.848484848484848619e-01 1.987812209124331826e-03
4.858260019550342257e-01 1.893541959370929374e-03
4.868035190615835894e-01 1.799256953731349917e-03
4.877810361681329532e-01 1.704957105763750189e-03
4.887585532746823169e-01 1.610642327823980438e-03
4.897360703812316807e-01 1.516312531117935784e-03
4.907135874877810444e-01 1.421967625776090344e-03
4.916911045943304082e-01 1.327607520921820182e-03
4.926686217008797719e-01 1.233232124743275510e-03
4.936461388074291357e-01 1.138841344546619345e-03
4.946236559139784994e-01 1.044435086827899713e-03
4.956011730205278631e-01 9.500132573484710782e-04
4.965786901270772269e-01 8.555757611962188161e-04
4.975562072336265906e-01 7.611225028476709814e-04
4.985337243401759544e-01 6.666533862460816834e-04
4.995112414467253181e-01 5.721683148599936153e-04
5.004887585532746819e-01 4.776671917524483169e-04
5.014662756598240456e-01 3.831499196590695475e-04
5.024437927663734094e-01 2.886164010421892606e-04
5.034213098729227731e-01 1.940665381600578665e-04
5.043988269794721369e-01 9.950023314758953824e-05
5.053763440860215006e-01 4.917388069600875378e-06
5.063538611925708643e-01 -8.968209500110572302e-05
5.073313782991202281e-01 -1.842983139163064180e-04
5.083088954056695918e-01 -2.789313663937934007e-04
5.092864125122189556e-01 -3.735813499321930312e-04
5.102639296187683193e-01 -4.682483617559525524e-04
5.112414467253176831e-01 -5.629324987434678948e-04
5.122189638318670468e-01 -6.576338573472256810e-04
5.131964809384164106e-01 -7.523525335423391844e-04
5.141739980449657743e-01 -8.470886227493522672e-04
5.151515151515151381e-01 -9.418422197517194519e-04
5.161290322580645018e-01 -1.036613418654989613e-03
5.171065493646138655e-01 -1.131402312789201760e-03
5.180840664711632293e-01 -1.226208994656533685e-03
5.190615835777125930e-01 -1.321033555857655147e-03
5.200391006842619568e-01 -1.415876087010095249e-03
5.210166177908113205e-01 -1.510736677698553028e-03
5.219941348973606843e-01 -1.605615416393264827e-03
5.229716520039100480e-01 -1.700512390376357486e-03
5.239491691104594118e-01 -1.795427685674412695e-03
5.249266862170087755e-01 -1.890361386997242536e-03
5.259042033235581393e-01 -1.985313577653594931e-03
5.268817204301075030e-01 -2.080284339489929177e-03
5.278592375366568668e-01 -2.175273752810557952e-03
5.288367546432062305e-01 -2.270281896316422854e-03
5.298142717497555942e-01 -2.365308847030560269e-03
5.307917888563049580e-01 -2.460354680221792621e-03
5.317693059628543217e-01 -2.555419469337292734e-03
5.327468230694036855e-01 -2.650503285936035500e-03
5.337243401759530492e-01 -2.745606199608939882e-03
5.347018572825024130e-01 -2.840728277908771346e-03
5.356793743890517767e-01 -2.935869586287142771e-03
5.366568914956011405e-01 -3.031030188006670657e-03
5.376344086021505042e-01 -3.126210144084187216e-03
5.386119257086998680e-01 -3.221409513209107754e-03
5.395894428152492317e-01 -3.316628351674220411e-03
5.405669599217985954e-01 -3.411866713303813962e-03
5.415444770283479592e-01 -3.507124649382692937e-03
5.425219941348973229e-01 -3.602402208575432307e-03
5.434995112414466867e-01 -3.697699436866040343e-03
5.444770283479960504e-01 -3.793016377473664054e-03
5.454545454545454142e-01 -3.888353070783378933e-03
5.464320625610947779e-01 -3.983709554278753312e-03
5.474095796676441417e-01 -4.079085862461103058e-03
5.483870967741935054e-01 -4.174482026778506688e-03
5.493646138807428692e-01 -4.269898075552158549e-03
5.503421309872922329e-01 -4.365334033900947382e-03
5.513196480938415966e-01 -4.460789923674020677e-03
5.522971652003909604e-01 -4.556265763374475926e-03
5.532746823069403241e-01 -4.651761568076840693e-03
5.542521994134896879e-01 -4.747277349362298907e-03
5.552297165200390516e-01 -4.842813115242382109e-03
5.562072336265884154e-01 -4.938368870084435328e-03
5.571847507331377791e-01 -5.033944614537970257e-03
5.581622678396871429e-01 -5.129540345459243818e-03
5.591397849462365066e-01 -5.225156055834062098e-03
5.601173020527858704e-01 -5.320791734703246220e-03
5.610948191593352341e-01 -5.416447367096971326e-03
5.620723362658845979e-01 -5.512122933948697401e-03
5.630498533724339616e-01 -5.607818412020635149e-03
5.640273704789834364e-01 -5.703533773841634215e-03
5.650048875855328001e-01 -5.799268987615790148e-03
5.659824046920821639e-01 -5.895024017151459517e-03
5.669599217986315276e-01 -5.990798821793824266e-03
5.679374389051808913e-01 -6.086593356338822550e-03
5.689149560117302551e-01 -6.182407570965713084e-03
5.698924731182796188e-01 -6.278241411157217157e-03
5.708699902248289826e-01 -6.374094817621435254e-03
5.718475073313783463e-01 -6.469967726222636793e-03
5.728250244379277101e-01 -6.565860067898740202e-03
5.738025415444770738e-01 -6.661771768585891471e-03
5.747800586510264376e-01 -6.757702749150141207e-03
5.757575757575758013e-01 -6.853652925302262770e-03
5.767350928641251651e-01 -6.949622207521443523e-03
5.777126099706745288e-01 -7.045610500986074567e-03
5.786901270772238925e-01 -7.141617705492118127e-03
5.796676441837732563e-01 -7.237643715375024177e-03
5.806451612903226200e-01 -7.333688419437858243e-03
5.816226783968719838e-01 -7.429751700874992655e-03
5.826001955034213475e-01 -7.525833437184262752e-03
5.835777126099707113e-01 -7.621933500106629726e-03
5.845552297165200750e-01 -7.718051755539224144e-03
5.855327468230694388e-01 -7.814188063459924505e-03
5.865102639296188025e-01 -7.910342277849273865e-03
5.874877810361681663e-01 -8.006514246618608513e-03
5.884652981427175300e-01 -8.102703811528421882e-03
5.894428152492668938e-01 -8.198910808110285511e-03
5.904203323558162575e-01 -8.295135065593203100e-03
5.913978494623656212e-01 -8.391376406825518455e-03
5.923753665689149850e-01 -8.487634648203942755e-03
5.933528836754643487e-01 -8.583909599576828101e-03
5.943304007820137125e-01 -8.680201064189159432e-03
5.953079178885630762e-01 -8.776508838596481024e-03
5.962854349951124400e-01 -8.872832712579719824e-03
5.972629521016618037e-01 -8.969172469085731278e-03
5.982404692082111675e-01 -9.065527884133249559e-03
5.992179863147605312e-01 -9.161898726745443255e-03
6.001955034213098950e-01 -9.258284758868291428e-03
6.011730205278592587e-01 -9.354685735293383209e-03
6.021505376344086224e-01 -9.451101403588707539e-03
6.031280547409579862e-01 -9.547531504007264469e-03
6.041055718475073499e-01 -9.643975769416958041e-03
6.050830889540567137e-01 -9.740433925235835594e-03
6.060606060606060774e-01 -9.836905689334469668e-03
6.070381231671554412e-01 -9.933390771962324201e-03
6.080156402737048049e-01 -1.002988887569095794e-02
6.089931573802541687e-01 -1.012639969531375916e-02
6.099706744868035324e-01 -1.022292291777585245e-02
6.109481915933528962e-01 -1.031945822210399676e-02
6.119257086999022599e-01 -1.041600527932673263e-02
6.129032258064516236e-01 -1.051256375239540200e-02
6.138807429130009874e-01 -1.060913329610164123e-02
6.148582600195503511e-01 -1.070571355702057935e-02
6.158357771260997149e-01 -1.080230417341413417e-02
6.168132942326490786e-01 -1.089890477516267976e-02
6.177908113391984424e-01 -1.099551498369406681e-02
6.187683284457478061e-01 -1.109213441189932370e-02
6.197458455522971699e-01 -1.118876266405901404e-02
6.207233626588465336e-01 -1.128539933577313997e-02
6.217008797653958974e-01 -1.138204401387772624e-02
6.226783968719452611e-01 -1.147869627637384746e-02
6.236559139784946248e-01 -1.157535569235663454e-02
6.246334310850439886e-01 -1.167202182192743180e-02
6.256109481915933523e-01 -1.176869421613257680e-02
6.265884652981427161e-01 -1.186537241688353887e-02
6.275659824046920798e-01 -1.196205595687883580e-02
6.285434995112414436e-01 -1.205874435953305235e-02
6.295210166177908073e-01 -1.215543713890496376e-02
6.304985337243401711e-01 -1.225213379962033881e-02
6.314760508308895348e-01 -1.234883383680628749e-02
6.324535679374388986e-01 -1.244553673600162953e-02
6.334310850439882623e-01 -1.254224197309568301e-02
6.344086021505376261e-01 -1.263894901425727073e-02
6.353861192570869898e-01 -1.273565731585841153e-02
6.363636363636363535e-01 -1.283236632439713198e-02
6.373411534701857173e-01 -1.292907547643002211e-02
6.383186705767350810e-01 -1.302578419851190342e-02
6.392961876832844448e-01 -1.312249190710354334e-02
6.402737047898338085e-01 -1.321919800850777753e-02
6.412512218963831723e-01 -1.331590189881271327e-02
6.422287390029325360e-01 -1.341260296380300358e-02
6.432062561094818998e-01 -1.350930057889418098e-02
6.441837732160312635e-01 -1.360599410907765289e-02
6.451612903225806273e-01 -1.370268290882930076e-02
6.461388074291299910e-01 -1.379936632205269222e-02
6.471163245356793547e-01 -1.389604368200987941e-02
6.480938416422287185e-01 -1.399271431126016159e-02
6.490713587487780822e-01 -1.408937752157935278e-02
6.500488758553274460e-01 -1.418603261389588671e-02
6.510263929618768097e-01 -1.428267887823225432e-02
6.520039100684261735e-01 -1.437931559362781546e-02
6.529814271749755372e-01 -1.447594202807934126e-02
6.539589442815249010e-01 -1.457255743847180388e-02
6.549364613880742647e-01 -1.466916107052603294e-02
6.559139784946236285e-01 -1.476575215871441318e-02
6.568914956011729922e-01 -1.486232992621474430e-02
6.578690127077223559e-01 -1.495889358483482728e-02
6.588465298142717197e-01 -1.505544233495744247e-02
6.598240469208210834e-01 -1.515197536547824297e-02
6.608015640273704472e-01 -1.524849185373210354e-02
6.617790811339198109e-01 -1.534499096545230944e-02
6.627565982404691747e-01 -1.544147185469335604e-02
6.637341153470185384e-01 -1.553793366377949001e-02
6.647116324535679022e-01 -1.563437552324258711e-02
6.656891495601172659e-01 -1.573079655176804273e-02
6.666666666666666297e-01 -1.582719585612909347e-02
6.676441837732159934e-01 -1.592357253113891105e-02
6.686217008797653572e-01 -1.601992565958405834e-02
6.695992179863147209e-01 -1.611625431218188798e-02
6.705767350928640846e-01 -1.621255754751044914e-02
6.715542521994134484e-01 -1.630883441196856812e-02
6.725317693059628121e-01 -1.640508393971549031e-02
6.735092864125121759e-01 -1.650130515261145209e-02
6.744868035190615396e-01 -1.659749706018306264e-02
6.754643206256109034e-01 -1.669365865955498018e-02
6.764418377321602671e-01 -1.678978893540911121e-02
6.774193548387096309e-01 -1.688588685993578503e-02
6.783968719452589946e-01 -1.698195139277432555e-02
6.793743890518083584e-01 -1.707798148098109078e-02
6.803519061583577221e-01 -1.717397605897713272e-02
6.813294232649070858e-01 -1.726993404848874494e-02
6.823069403714564496e-01 -1.736585435852084150e-02
6.832844574780058133e-01 -1.746173588530726753e-02
6.842619745845551771e-01 -1.755757751226466254e-02
6.852394916911045408e-01 -1.765337810994631329e-02
6.862170087976539046e-01 -1.774913653601820768e-02
6.871945259042032683e-01 -1.784485163519513445e-02
6.881720430107527431e-01 -1.794052223921584546e-02
6.891495601173021068e-01 -1.803614716681111937e-02
6.901270772238514706e-01 -1.813172522364873626e-02
6.911045943304008343e-01 -1.822725520230863636e-02
6.920821114369501981e-01 -1.832273588224832273e-02
6.930596285434995618e-01 -1.841816602976735842e-02
6.940371456500489256e-01 -1.851354439796921297e-02
6.950146627565982893e-01 -1.860886972673820444e-02
6.959921798631476531e-01 -1.870414074270488128e-02
6.969696969696970168e-01 -1.879935615921408260e-02
6.979472140762463805e-01 -1.889451467630630724e-02
6.989247311827957443e-01 -1.898961498067689227e-02
6.999022482893451080e-01 -1.908465574566182640e-02
7.008797653958944718e-01 -1.917963563120933870e-02
7.018572825024438355e-01 -1.927455328385330180e-02
7.028347996089931993e-01 -1.936940733669723774e-02
7.038123167155425630e-01 -1.946419640939303988e-02
7.047898338220919268e-01 -1.955891910811168380e-02
7.057673509286412905e-01 -1.965357402553257263e-02
7.067448680351906543e-01 -1.974815974083645592e-02
7.077223851417400180e-01 -1.984267481967436075e-02
7.086999022482893817e-01 -1.993711781415783563e-02
7.096774193548387455e-01 -2.003148726284519412e-02
7.106549364613881092e-01 -2.012578169074107776e-02
7.116324535679374730e-01 -2.021999960926716342e-02
7.126099706744868367e-01 -2.031413951627060108e-02
7.135874877810362005e-01 -2.040819989600849496e-02
7.145650048875855642e-01 -2.050217921913811969e-02
7.155425219941349280e-01 -2.059607594272714476e-02
7.165200391006842917e-01 -2.068988851023366091e-02
7.174975562072336555e-01 -2.078361535151105818e-02
7.184750733137830192e-01 -2.087725488281380257e-02
7.194525904203323829e-01 -2.097080550679033054e-02
7.204301075268817467e-01 -2.106426561248571708e-02
7.214076246334311104e-01 -2.115763357535008909e-02
7.223851417399804742e-01 -2.125090775724219894e-02
7.233626588465298379e-01 -2.134408650643783087e-02
7.243401759530792017e-01 -2.143716815763115416e-02
7.253176930596285654e-01 -2.153015103195200439e-02
7.262952101661779292e-01 -2.162303343697388053e-02
7.272727272727272929e-01 -2.171581366672326388e-02
7.282502443792766567e-01 -2.180849000169913024e-02
7.292277614858260204e-01 -2.190106070888360804e-02
7.302052785923753842e-01 -2.199352404175704961e-02
7.311827956989247479e-01 -2.208587824031844893e-02
7.321603128054741116e-01 -2.217812153110363532e-02
7.331378299120234754e-01 -2.227025212720300934e-02
7.341153470185728391e-01 -2.236226822828284166e-02
7.350928641251222029e-01 -2.245416802060922964e-02
7.360703812316715666e-01 -2.254594967706895908e-02
7.370478983382209304e-01 -2.263761135719610448e-02
7.380254154447702941e-01 -2.272915120719289778e-02
7.390029325513196579e-01 -2.282056735995767124e-02
7.399804496578690216e-01 -2.291185793511103796e-02
7.409579667644183854e-01 -2.300302103902383474e-02
7.419354838709677491e-01 -2.309405476484197028e-02
7.429130009775171128e-01 -2.318495719251836840e-02
7.438905180840664766e-01 -2.327572638884048070e-02
7.448680351906158403e-01 -2.336636040745157170e-02
7.458455522971652041e-01 -2.345685728889020799e-02
7.468230694037145678e-01 -2.354721506061333361e-02
7.478005865102639316e-01 -2.363743173702198899e-02
7.487781036168132953e-01 -2.372750531949505137e-02
7.497556207233626591e-01 -2.381743379641095004e-02
7.507331378299120228e-01 -2.390721514317917240e-02
7.517106549364613866e-01 -2.399684732226157677e-02
7.526881720430107503e-01 -2.408632828319410418e-02
7.536656891495601140e-01 -2.417565596261430153e-02
7.546432062561094778e-01 -2.426482828428351210e-02
7.556207233626588415e-01 -2.435384315909705152e-02
7.565982404692082053e-01 -2.444269848510376153e-02
7.575757575757575690e-01 -2.453139214752195207e-02
7.585532746823069328e-01 -2.461992201874209016e-02
7.595307917888562965e-01 -2.470828595834274541e-02
7.605083088954056603e-01 -2.479648181308529570e-02
7.614858260019550240e-01 -2.488450741690945503e-02
7.624633431085043878e-01 -2.497236059093197943e-02
7.634408602150537515e-01 -2.506003914342933361e-02
7.644183773216031152e-01 -2.514754086981685691e-02
7.653958944281524790e-01 -2.523486355262968134e-02
7.663734115347018427e-01 -2.532200496148102886e-02
7.673509286412512065e-01 -2.540896285302006452e-02
7.683284457478005702e-01 -2.549573497088974267e-02
7.693059628543499340e-01 -2.558231904565804946e-02
7.702834799608992977e-01 -2.566871279474967210e-02
7.712609970674486615e-01 -2.575491392236526830e-02
7.722385141739980252e-01 -2.584092011937806632e-02
7.732160312805473890e-01 -2.592672906324117524e-02
7.741935483870967527e-01 -2.601233841785224529e-02
7.751710654936461165e-01 -2.609774583341416265e-02
7.761485826001954802e-01 -2.618294894628999184e-02
7.771260997067448439e-01 -2.626794537881572619e-02
7.781036168132942077e-01 -2.635273273911708722e-02
7.790811339198435714e-01 -2.643730862089343700e-02
7.800586510263929352e-01 -2.652167060317467406e-02
7.810361681329422989e-01 -2.660581625006612494e-02
7.820136852394916627e-01 -2.668974311045839085e-02
7.829912023460410264e-01 -2.677344871771146842e-02
7.839687194525903902e-01 -2.685693058931002894e-02
7.849462365591397539e-01 -2.694018622648720190e-02
7.859237536656891177e-01 -2.702321311381240820e-02
7.869012707722384814e-01 -2.710600871874238940e-02
7.878787878787878451e-01 -2.718857049113717825e-02
7.888563049853372089e-01 -2.727089586273215294e-02
7.898338220918865726e-01 -2.735298224656216443e-02
7.908113391984359364e-01 -2.743482703634928660e-02
7.917888563049853001e-01 -2.751642760582937233e-02
7.927663734115346639e-01 -2.759778130803285448e-02
7.937438905180840276e-01 -2.767888547450748568e-02
7.947214076246333914e-01 -2.775973741447627582e-02
7.956989247311827551e-01 -2.784033441394484498e-02
7.966764418377321189e-01 -2.792067373472495104e-02
7.976539589442814826e-01 -2.800075261339854751e-02
7.986314760508308463e-01 -2.808056826020776525e-02
7.996089931573802101e-01 -2.816011785785481336e-02
8.005865102639295738e-01 -2.823939856022158676e-02
8.015640273704789376e-01 -2.831840749101431978e-02
8.025415444770283013e-01 -2.839714174228796795e-02
8.035190615835776651e-01 -2.847559837289119836e-02
8.044965786901270288e-01 -2.855377440680490278e-02
8.054740957966763926e-01 -2.863166683135871110e-02
8.064516129032257563e-01 -2.870927259534188439e-02
8.074291300097751201e-01 -2.878658860699003300e-02
8.084066471163244838e-01 -2.886361173184001996e-02
8.093841642228738475e-01 -2.894033879044824453e-02
8.103616813294232113e-01 -2.901676655597273599e-02
8.113391984359725750e-01 -2.909289175160170368e-02
8.123167155425219388e-01 -2.916871104781575477e-02
8.132942326490713025e-01 -2.924422105950767389e-02
8.142717497556207773e-01 -2.931941834290390306e-02
8.152492668621701410e-01 -2.939429939232008487e-02
8.162267839687195048e-01 -2.946886063672761458e-02
8.172043010752688685e-01 -2.954309843610945091e-02
8.181818181818182323e-01 -2.961700907761983387e-02
8.191593352883675960e-01 -2.969058877152040699e-02
8.201368523949169598e-01 -2.976383364689050293e-02
8.211143695014663235e-01 -2.983673974709964705e-02
8.220918866080156873e-01 -2.990930302503824745e-02
8.230694037145650510e-01 -2.998151933807591263e-02
8.240469208211144148e-01 -3.005338444276773810e-02
8.250244379276637785e-01 -3.012489398927046397e-02
8.260019550342131422e-01 -3.019604351546802817e-02
8.269794721407625060e-01 -3.026682844079233922e-02
8.279569892473118697e-01 -3.033724405973613897e-02
8.289345063538612335e-01 -3.040728553502914169e-02
8.299120234604105972e-01 -3.047694789047654396e-02
8.308895405669599610e-01 -3.054622600344837277e-02
8.318670576735093247e-01 -3.061511459699352289e-02
8.328445747800586885e-01 -3.068360823158820458e-02
8.338220918866080522e-01 -3.075170129648508929e-02
8.347996089931574160e-01 -3.081938800064323858e-02
8.357771260997067797e-01 -3.088666236326535405e-02
8.367546432062561435e-01 -3.095351820387943348e-02
8.377321603128055072e-01 -3.101994913197806542e-02
8.387096774193548709e-01 -3.108594853620035015e-02
8.396871945259042347e-01 -3.115150957303286158e-02
8.406647116324535984e-01 -3.121662515502174329e-02
8.416422287390029622e-01 -3.128128793848076322e-02
8.426197458455523259e-01 -3.134549031068478014e-02
8.435972629521016897e-01 -3.140922437651833682e-02
8.445747800586510534e-01 -3.147248194458484444e-02
8.455522971652004172e-01 -3.153525451275803609e-02
8.465298142717497809e-01 -3.159753325315269035e-02
8.475073313782991447e-01 -3.165930899650706842e-02
8.484848484848485084e-01 -3.172057221596465137e-02
8.494623655913978721e-01 -3.178131301024227778e-02
8.504398826979472359e-01 -3.184152108616210980e-02
8.514173998044965996e-01 -3.190118574055404027e-02
8.523949169110459634e-01 -3.196029584149968905e-02
8.533724340175953271e-01 -3.201883980890873199e-02
8.543499511241446909e-01 -3.207680559443241292e-02
8.553274682306940546e-01 -3.213418066067427054e-02
8.563049853372434184e-01 -3.219095195972008355e-02
8.572825024437927821e-01 -3.224710591095780038e-02
8.582600195503421459e-01 -3.230262837818462934e-02
8.592375366568915096e-01 -3.235750464599530113e-02
8.602150537634408733e-01 -3.241171939544622294e-02
8.611925708699902371e-01 -3.246525667898446377e-02
8.621700879765396008e-01 -3.251809989464503337e-02
8.631476050830889646e-01 -3.257023175950691379e-02
8.641251221896383283e-01 -3.262163428240473506e-02
8.651026392961876921e-01 -3.267228873590681537e-02
8.660801564027370558e-01 -3.272217562754541759e-02
8.670576735092864196e-01 -3.277127467031167030e-02
8.680351906158357833e-01 -3.281956475241379345e-02
8.690127077223851471e-01 -3.286702390630661524e-02
8.699902248289345108e-01 -3.291362927699880564e-02
8.709677419354838745e-01 -3.295935708964384953e-02
8.719452590420332383e-01 -3.300418261642937279e-02
8.729227761485826020e-01 -3.304808014277699907e-02
8.739002932551319658e-01 -3.309102293286325658e-02
8.748778103616813295e-01 -3.313298319448224755e-02
8.758553274682306933e-01 -3.317393204326928718e-02
8.768328445747800570e-01 -3.321383946630206835e-02
8.778103616813294208e-01 -3.325267428510909201e-02
8.787878787878787845e-01 -3.329040411810470917e-02
8.797653958944281483e-01 -3.332699534248332457e-02
8.807429130009775120e-01 -3.336241305560603415e-02
8.817204301075268758e-01 -3.339662103590617520e-02
8.826979472140762395e-01 -3.342958170335116885e-02
8.836754643206256032e-01 -3.346125607950777014e-02
8.846529814271749670e-01 -3.349160374724526740e-02
8.856304985337243307e-01 -3.352058281011881247e-02
8.866080156402736945e-01 -3.354814985148547174e-02
8.875855327468230582e-01 -3.357425989340420691e-02
8.885630498533724220e-01 -3.359886635536811494e-02
8.895405669599217857e-01 -3.362192101292558327e-02
8.905180840664711495e-01 -3.364337395625706384e-02
8.914956011730205132e-01 -3.366317354876094403e-02
8.924731182795698770e-01 -3.368126638571501685e-02
8.934506353861192407e-01 -3.369759725308667242e-02
8.944281524926686044e-01 -3.371210908655882660e-02
8.954056695992179682e-01 -3.372474293085270941e-02
8.963831867057673319e-01 -3.373543789941089999e-02
8.973607038123166957e-01 -3.374413113453220148e-02
8.983382209188660594e-01 -3.375075776804647293e-02
8.993157380254154232e-01 -3.375525088259635764e-02
9.002932551319647869e-01 -3.375754147363242003e-02
9.012707722385141507e-01 -3.375755841220685893e-02
9.022482893450635144e-01 -3.375522840865677332e-02
9.032258064516128782e-01 -3.375047597727828114e-02
9.042033235581622419e-01 -3.374322340209076621e-02
9.051808406647116056e-01 -3.373339070378694737e-02
9.061583577712609694e-01 -3.372089560797936203e-02
9.071358748778103331e-01 -3.370565351484035993e-02
9.081133919843596969e-01 -3.368757747025492855e-02
9.090909090909090606e-01 -3.366657813858471571e-02
9.100684261974584244e-01 -3.364256377715647145e-02
9.110459433040077881e-01 -3.361544021259083026e-02
9.120234604105571519e-01 -3.358511081907981227e-02
9.130009775171065156e-01 -3.355147649873023441e-02
9.139784946236558794e-01 -3.351443566408678076e-02
9.149560117302052431e-01 -3.347388422294823168e-02
9.159335288367546068e-01 -3.342971556559382745e-02
9.169110459433039706e-01 -3.338182055453595837e-02
9.178885630498533343e-01 -3.333008751691156346e-02
9.188660801564026981e-01 -3.327440223962899180e-02
9.198435972629520618e-01 -3.321464796738220898e-02
9.208211143695014256e-01 -3.315070540364623009e-02
9.217986314760507893e-01 -3.308245271476086685e-02
9.227761485826001531e-01 -3.300976553721633733e-02
9.237536656891495168e-01 -3.293251698824595924e-02
9.247311827956988806e-01 -3.285057767982639543e-02
9.257086999022482443e-01 -3.276381573619239346e-02
9.266862170087976081e-01 -3.267209681496142243e-02
9.276637341153469718e-01 -3.257528413196131289e-02
9.286412512218963355e-01 -3.247323848985514405e-02
9.296187683284456993e-01 -3.236581831064586773e-02
9.305962854349950630e-01 -3.225287967214659351e-02
9.315738025415444268e-01 -3.213427634849153058e-02
9.325513196480937905e-01 -3.200985985475419959e-02
9.335288367546431543e-01 -3.187947949574779227e-02
9.345063538611925180e-01 -3.174298241906227391e-02
9.354838709677418818e-01 -3.160021367238869533e-02
9.364613880742912455e-01 -3.145101626518062576e-02
9.374389051808406093e-01 -3.129523123469509643e-02
9.384164222873900840e-01 -3.113269771643496775e-02
9.393939393939394478e-01 -3.096325301902667221e-02
9.403714565004888115e-01 -3.078673270354406744e-02
9.413489736070381753e-01 -3.060297066728490459e-02
9.423264907135875390e-01 -3.041179923200114030e-02
9.433040078201369028e-01 -3.021304923657082420e-02
9.442815249266862665e-01 -3.000655013409278538e-02
9.452590420332356302e-01 -2.979213009337159518e-02
9.462365591397849940e-01 -2.956961610475877106e-02
9.472140762463343577e-01 -2.933883409029533484e-02
9.481915933528837215e-01 -2.909960901809954467e-02
9.491691104594330852e-01 -2.885176502092905507e-02
9.501466275659824490e-01 -2.859512551883652484e-02
9.511241446725318127e-01 -2.832951334582673592e-02
9.521016617790811765e-01 -2.805475088041499074e-02
9.530791788856305402e-01 -2.777066017997280659e-02
9.540566959921799040e-01 -2.747706311873564927e-02
9.550342130987292677e-01 -2.717378152934072158e-02
9.560117302052786314e-01 -2.686063734774706349e-02
9.569892473118279952e-01 -2.653745276138154072e-02
9.579667644183773589e-01 -2.620405036034326521e-02
9.589442815249267227e-01 -2.586025329149053281e-02
9.599217986314760864e-01 -2.550588541521642619e-02
9.608993157380254502e-01 -2.514077146471927621e-02
9.618768328445748139e-01 -2.476473720755664742e-02
9.628543499511241777e-01 -2.437760960926146567e-02
9.638318670576735414e-01 -2.397921699879517268e-02
9.648093841642229052e-01 -2.356938923559665292e-02
9.657869012707722689e-01 -2.314795787798069188e-02
9.667644183773216326e-01 -2.271475635263025400e-02
9.677419354838709964e-01 -2.226962012491745524e-02
9.687194525904203601e-01 -2.181238686978282521e-02
9.696969696969697239e-01 -2.134289664289178157e-02
9.706744868035190876e-01 -2.086099205178392965e-02
9.716520039100684514e-01 -2.036651842672220283e-02
9.726295210166178151e-01 -1.985932399094460926e-02
9.736070381231671789e-01 -1.933926003001604568e-02
9.745845552297165426e-01 -1.880618105997189371e-02
9.755620723362659064e-01 -1.825994499394442347e-02
9.765395894428152701e-01 -1.770041330695702048e-02
9.775171065493646338e-01 -1.712745119856952380e-02
9.784946236559139976e-01 -1.654092775305666951e-02
9.794721407624633613e-01 -1.594071609679951346e-02
9.804496578690127251e-01 -1.532669355256941444e-02
9.814271749755620888e-01 -1.469874179038473463e-02
9.824046920821114526e-01 -1.405674697462241940e-02
9.833822091886608163e-01 -1.340059990707011262e-02
9.843597262952101801e-01 -1.273019616561299645e-02
9.853372434017595438e-01 -1.204543623825709599e-02
9.863147605083089076e-01 -1.134622565220728789e-02
9.872922776148582713e-01 -1.063247509773383032e-02
9.882697947214076351e-01 -9.904100546581865588e-03
9.892473118279569988e-01 -9.161023364697993068e-03
9.902248289345063625e-01 -8.403170419066170391e-03
9.912023460410557263e-01 -7.630474178456782275e-03
9.921798631476050900e-01 -6.842872807895569731e-03
9.931573802541544538e-01 -6.040310256649234974e-03
9.941348973607038175e-01 -5.222736339504018173e-03
9.951124144672531813e-01 -4.390106811081222540e-03
9.960899315738025450e-01 -3.542383432897412872e-03
9.970674486803519088e-01 -2.679534032841846772e-03
9.980449657869012725e-01 -1.801532556720747847e-03
9.990224828934506363e-01 -9.083591115126076008e-04
1.000000000000000000e+00 0.000000000000000000e+00
