0.000000000000000000e+00 0.000000000000000000e+00
7.874015748031495954e-03 -5.790113613673983535e-03
1.574803149606299191e-02 -1.137873995615893558e-02
2.362204724409448786e-02 -1.678291978096974751e-02
3.149606299212598381e-02 -2.201863962253798948e-02
3.937007874015747977e-02 -2.710090400072192804e-02
4.724409448818897572e-02 -3.204380016069667547e-02
5.511811023622047168e-02 -3.686055580456707587e-02
6.299212598425196763e-02 -4.156359023894642263e-02
7.086614173228346358e-02 -4.616455933207121859e-02
7.874015748031495954e-02 -5.067439464553207679e-02
8.661417322834645549e-02 -5.510333707991983687e-02
9.448818897637795144e-02 -5.946096535098452374e-02
1.023622047244094474e-01 -6.375621959352170687e-02
1.102362204724409434e-01 -6.799742037427165819e-02
1.181102362204724393e-01 -7.219228338268633693e-02
1.259842519685039353e-01 -7.634793005950084310e-02
1.338582677165354173e-01 -8.047089441755571337e-02
1.417322834645669272e-01 -8.456712630718855872e-02
1.496062992125984370e-01 -8.864199137962709696e-02
1.574803149606299191e-01 -9.270026800602586270e-02
1.653543307086614012e-01 -9.674614141696105674e-02
1.732283464566929110e-01 -1.007831953371576966e-01
1.811023622047244208e-01 -1.048144014027490994e-01
1.889763779527559029e-01 -1.088421066632803275e-01
1.968503937007873850e-01 -1.128680194876416631e-01
2.047244094488188948e-01 -1.168931942119073863e-01
2.125984251968504046e-01 -1.209180148872485011e-01
2.204724409448818867e-01 -1.249421785073140806e-01
2.283464566929133688e-01 -1.289646781162439859e-01
2.362204724409448786e-01 -1.329837862202599141e-01
2.440944881889763884e-01 -1.369970389470028527e-01
2.519685039370078705e-01 -1.410012214167602473e-01
2.598425196850393526e-01 -1.449923548077808322e-01
2.677165354330708347e-01 -1.489656856131900686e-01
2.755905511811023723e-01 -1.529156775988091965e-01
2.834645669291338543e-01 -1.568360069785736666e-01
2.913385826771653364e-01 -1.607195613263256995e-01
2.992125984251968740e-01 -1.645584427386465043e-01
3.070866141732283561e-01 -1.683439757521651425e-01
3.149606299212598381e-01 -1.720667204995928734e-01
3.228346456692913202e-01 -1.757164915607269673e-01
3.307086614173228023e-01 -1.792823829271241176e-01
3.385826771653543399e-01 -1.827527994514861198e-01
3.464566929133858220e-01 -1.861154950944581554e-01
3.543307086614173040e-01 -1.893576182123698770e-01
3.622047244094488416e-01 -1.924657640492476174e-01
3.700787401574803237e-01 -1.954260345055343628e-01
3.779527559055118058e-01 -1.982241051547388444e-01
3.858267716535432879e-01 -2.008452993685854726e-01
3.937007874015747699e-01 -2.032746692922981768e-01
4.015748031496063075e-01 -2.054970832858267205e-01
4.094488188976377896e-01 -2.074973193160835894e-01
4.173228346456692717e-01 -2.092601636517289754e-01
4.251968503937008093e-01 -2.107705140781433728e-01
4.330708661417322913e-01 -2.120134867188768479e-01
4.409448818897637734e-01 -2.129745254238728513e-01
4.488188976377952555e-01 -2.136395125673724860e-01
4.566929133858267376e-01 -2.139948799925976974e-01
4.645669291338582751e-01 -2.140277187493865307e-01
4.724409448818897572e-01 -2.137258861975856739e-01
4.803149606299212393e-01 -2.130781089959619679e-01
4.881889763779527769e-01 -2.120740804657847978e-01
4.960629921259842590e-01 -2.107045508116903720e-01
5.039370078740157410e-01 -2.089614087008652976e-01
5.118110236220472231e-01 -2.068377527453190423e-01
5.196850393700787052e-01 -2.043279515001856228e-01
5.275590551181101873e-01 -2.014276906820985091e-01
5.354330708661416693e-01 -1.981340064233837184e-01
5.433070866141732624e-01 -1.944453035062106150e-01
5.511811023622047445e-01 -1.903613576621390191e-01
5.590551181102362266e-01 -1.858833011711494010e-01
5.669291338582677087e-01 -1.810135911444455126e-01
5.748031496062991907e-01 -1.757559600209516182e-01
5.826771653543306728e-01 -1.701153479413562430e-01
5.905511811023621549e-01 -1.640978167792369047e-01
5.984251968503937480e-01 -1.577104456993011772e-01
6.062992125984252301e-01 -1.509612081717189302e-01
6.141732283464567121e-01 -1.438588303933664991e-01
6.220472440944881942e-01 -1.364126310466742265e-01
6.299212598425196763e-01 -1.286323422615688883e-01
6.377952755905511584e-01 -1.205279115341393315e-01
6.456692913385826404e-01 -1.121092841977407856e-01
6.535433070866141225e-01 -1.033861658419325674e-01
6.614173228346456046e-01 -9.436776383835113191e-02
6.692913385826771977e-01 -8.506250687112915099e-02
6.771653543307086798e-01 -7.547774109803744025e-02
6.850393700787401619e-01 -6.561940130785369474e-02
6.929133858267716439e-01 -5.549165521683507851e-02
7.007874015748031260e-01 -4.509651889688101600e-02
7.086614173228346081e-01 -3.443344129313830743e-02
7.165354330708660902e-01 -2.349885592126865763e-02
7.244094488188976833e-01 -1.228569819646983807e-02
7.322834645669291653e-01 -7.828875098887660977e-04
7.401574803149606474e-01 1.102522578423047184e-02
7.480314960629921295e-01 2.315944678417300451e-02
7.559055118110236116e-01 3.564635207558643215e-02
7.637795275590550936e-01 4.851892882979946808e-02
7.716535433070865757e-01 6.181722686397728150e-02
7.795275590551180578e-01 7.558900915398414355e-02
7.874015748031495399e-01 8.989038095605544898e-02
7.952755905511811330e-01 1.047863714013688718e-01
8.031496062992126150e-01 1.203514342021734379e-01
8.110236220472440971e-01 1.366698260470639026e-01
8.188976377952755792e-01 1.538358125617226568e-01
8.267716535433070613e-01 1.719536426886280056e-01
8.346456692913385433e-01 1.911372234616469934e-01
8.425196850393700254e-01 2.115094190582191835e-01
8.503937007874016185e-01 2.332008915329562559e-01
8.582677165354331006e-01 2.563483968025337956e-01
8.661417322834645827e-01 2.810924494902890536e-01
8.740157480314960647e-01 3.075742755536944872e-01
8.818897637795275468e-01 3.359319837423342947e-01
8.897637795275590289e-01 3.662959074597017528e-01
8.976377952755905110e-01 3.987830990740157122e-01
9.055118110236219930e-01 4.334910005030483959e-01
9.133858267716534751e-01 4.704903680000171451e-01
9.212598425196850682e-01 5.098175959724243755e-01
9.291338582677165503e-01 5.514666641320284945e-01
9.370078740157480324e-01 5.953810231735182645e-01
9.448818897637795144e-01 6.414458343947982977e-01
9.527559055118109965e-01 6.894810851138325480e-01
9.606299212598424786e-01 7.392362105429706176e-01
9.685039370078739607e-01 7.903869597675158287e-01
9.763779527559055538e-01 8.425353449015726692e-01
9.842519685039370358e-01 8.952136061636334352e-01
9.921259842519685179e-01 9.478932122433877394e-01
1.000000000000000000e+00 1.000000000000000000e+00
