0.000000000000000000e+00 0.000000000000000000e+00
9.775171065493646130e-04 -3.709970892019947208e-04
1.955034213098729226e-03 -7.352445548741765773e-04
2.932551319648093839e-03 -1.092764302642359065e-03
3.910068426197458452e-03 -1.443581160037359437e-03
4.887585532746823065e-03 -1.787722852181662962e-03
5.865102639296187678e-03 -2.125219972689270948e-03
6.842619745845552291e-03 -2.456105949945819149e-03
7.820136852394916904e-03 -2.780417008946714768e-03
8.797653958944280650e-03 -3.098192128875408655e-03
9.775171065493646130e-03 -3.409472996601547144e-03
1.075268817204301161e-02 -3.714303956273898137e-03
1.173020527859237536e-02 -4.012731955176295114e-03
1.270772238514173910e-02 -4.304806486009917638e-03
1.368523949169110458e-02 -4.590579525761979106e-03
1.466275659824047006e-02 -4.870105471321415497e-03
1.564027370478983381e-02 -5.143441072005010793e-03
1.661779081133919755e-02 -5.410645359162593281e-03
1.759530791788856130e-02 -5.671779573036300759e-03
1.857282502443792851e-02 -5.926907087055940070e-03
1.955034213098729226e-02 -6.176093329758352256e-03
2.052785923753665601e-02 -6.419405704524269209e-03
2.150537634408602322e-02 -6.656913507329413268e-03
2.248289345063538697e-02 -6.888687842710047686e-03
2.346041055718475071e-02 -7.114801538143170241e-03
2.443792766373411446e-02 -7.335329057042846816e-03
2.541544477028347820e-02 -7.550346410572265736e-03
2.639296187683284542e-02 -7.759931068470737187e-03
2.737047898338220916e-02 -7.964161869091280696e-03
2.834799608993157291e-02 -8.163118928843462671e-03
2.932551319648094013e-02 -8.356883551231540294e-03
3.030303030303030387e-02 -8.545538135675491767e-03
3.128054740957966762e-02 -8.729166086298078067e-03
3.225806451612903136e-02 -8.907851720857120140e-03
3.323558162267839511e-02 -9.081680179997145622e-03
3.421309872922775885e-02 -9.250737336989930948e-03
3.519061583577712260e-02 -9.415109708127806024e-03
3.616813294232649328e-02 -9.574884363928296005e-03
3.714565004887585703e-02 -9.730148841302096660e-03
3.812316715542522078e-02 -9.880991056831055913e-03
3.910068426197458452e-02 -1.002749922129548589e-02
4.007820136852394827e-02 -1.016976175558412070e-02
4.105571847507331201e-02 -1.030786720811326974e-02
4.203323558162267576e-02 -1.044190417387378875e-02
4.301075268817204644e-02 -1.057196121521899318e-02
4.398826979472141019e-02 -1.069812678449827067e-02
4.496578690127077393e-02 -1.082048914863356290e-02
4.594330400782013768e-02 -1.093913631573048030e-02
4.692082111436950143e-02 -1.105415596380593911e-02
4.789833822091886517e-02 -1.116563537170980024e-02
4.887585532746822892e-02 -1.127366135230701769e-02
4.985337243401759266e-02 -1.137832018798354619e-02
5.083088954056695641e-02 -1.147969756852946534e-02
5.180840664711632709e-02 -1.157787853144621147e-02
5.278592375366569084e-02 -1.167294740471761655e-02
5.376344086021505458e-02 -1.176498775207964788e-02
5.474095796676441833e-02 -1.185408232081325113e-02
5.571847507331378208e-02 -1.194031299208136998e-02
5.669599217986314582e-02 -1.202376073382400122e-02
5.767350928641250957e-02 -1.210450555621772270e-02
5.865102639296188025e-02 -1.218262646970100054e-02
5.962854349951124400e-02 -1.225820144556163775e-02
6.060606060606060774e-02 -1.233130737907573056e-02
6.158357771260997149e-02 -1.240202005518213461e-02
6.256109481915933523e-02 -1.247041411667310258e-02
6.353861192570869898e-02 -1.253656303487353692e-02
6.451612903225806273e-02 -1.260053908278169557e-02
6.549364613880742647e-02 -1.266241331063389618e-02
6.647116324535679022e-02 -1.272225552385549893e-02
6.744868035190615396e-02 -1.278013426335710898e-02
6.842619745845551771e-02 -1.283611678812675815e-02
6.940371456500488145e-02 -1.289026906007185828e-02
7.038123167155424520e-02 -1.294265573105585730e-02
7.135874877810362282e-02 -1.299334013207427592e-02
7.233626588465298657e-02 -1.304238426451368414e-02
7.331378299120235031e-02 -1.308984879343105118e-02
7.429130009775171406e-02 -1.313579304279298074e-02
7.526881720430107781e-02 -1.318027499260847682e-02
7.624633431085044155e-02 -1.322335127788996575e-02
7.722385141739980530e-02 -1.326507718937661173e-02
7.820136852394916904e-02 -1.330550667594930687e-02
7.917888563049853279e-02 -1.334469234866848819e-02
8.015640273704789653e-02 -1.338268548636663280e-02
8.113391984359726028e-02 -1.341953604272119391e-02
8.211143695014662403e-02 -1.345529265474093919e-02
8.308895405669598777e-02 -1.349000265259171251e-02
8.406647116324535152e-02 -1.352371207069274876e-02
8.504398826979471526e-02 -1.355646566001176417e-02
8.602150537634409289e-02 -1.358830690148924228e-02
8.699902248289345663e-02 -1.361927802052207738e-02
8.797653958944282038e-02 -1.364942000243776939e-02
8.895405669599218412e-02 -1.367877260889161124e-02
8.993157380254154787e-02 -1.370737439511872380e-02
9.090909090909091161e-02 -1.373526272797747499e-02
9.188660801564027536e-02 -1.376247380471766132e-02
9.286412512218963911e-02 -1.378904267241067710e-02
9.384164222873900285e-02 -1.381500324797973502e-02
9.481915933528836660e-02 -1.384038833877293886e-02
9.579667644183773034e-02 -1.386522966361552686e-02
9.677419354838709409e-02 -1.388955787428850647e-02
9.775171065493645783e-02 -1.391340257737740983e-02
9.872922776148582158e-02 -1.393679235643660586e-02
9.970674486803518533e-02 -1.395975479442014035e-02
1.006842619745845491e-01 -1.398231649632745988e-02
1.016617790811339128e-01 -1.400450311201773511e-02
1.026392961876832904e-01 -1.402633935914596175e-02
1.036168132942326542e-01 -1.404784904617854303e-02
1.045943304007820179e-01 -1.406905509544417211e-02
1.055718475073313817e-01 -1.408997956618453055e-02
1.065493646138807454e-01 -1.411064367756224326e-02
1.075268817204301092e-01 -1.413106783159211871e-02
1.085043988269794729e-01 -1.415127163596533073e-02
1.094819159335288367e-01 -1.417127392672731627e-02
1.104594330400782004e-01 -1.419109279078386958e-02
1.114369501466275642e-01 -1.421074558821091086e-02
1.124144672531769279e-01 -1.423024897433300406e-02
1.133919843597262916e-01 -1.424961892155365145e-02
1.143695014662756554e-01 -1.426887074091051644e-02
1.153470185728250191e-01 -1.428801910333462460e-02
1.163245356793743829e-01 -1.430707806059965809e-02
1.173020527859237605e-01 -1.432606106593653332e-02
1.182795698924731242e-01 -1.434498099430223626e-02
1.192570869990224880e-01 -1.436385016228609521e-02
1.202346041055718517e-01 -1.438268034764160833e-02
1.212121212121212155e-01 -1.440148280843294749e-02
1.221896383186705792e-01 -1.442026830178606139e-02
1.231671554252199430e-01 -1.443904710223338494e-02
1.241446725317693067e-01 -1.445782901964773499e-02
1.251221896383186705e-01 -1.447662341675893041e-02
1.260997067448680342e-01 -1.449543922624662272e-02
1.270772238514173980e-01 -1.451428496740632922e-02
1.280547409579667617e-01 -1.453316876238556175e-02
1.290322580645161255e-01 -1.455209835199038071e-02
1.300097751710654892e-01 -1.457108111105972874e-02
1.309872922776148529e-01 -1.459012406340641325e-02
1.319648093841642167e-01 -1.460923389632886107e-02
1.329423264907135804e-01 -1.462841697469362962e-02
1.339198435972629442e-01 -1.464767935459134786e-02
1.348973607038123079e-01 -1.466702679657029204e-02
1.358748778103616717e-01 -1.468646477845004898e-02
1.368523949169110354e-01 -1.470599850772035325e-02
1.378299120234603992e-01 -1.472563293353121132e-02
1.388074291300097629e-01 -1.474537275827852469e-02
1.397849462365591267e-01 -1.476522244879108561e-02
1.407624633431084904e-01 -1.478518624712681778e-02
1.417399804496578819e-01 -1.480526818098427087e-02
1.427174975562072456e-01 -1.482547207373588125e-02
1.436950146627566094e-01 -1.484580155409213204e-02
1.446725317693059731e-01 -1.486626006540055916e-02
1.456500488758553369e-01 -1.488685087459340646e-02
1.466275659824047006e-01 -1.490757708078943936e-02
1.476050830889540644e-01 -1.492844162355269795e-02
1.485826001955034281e-01 -1.494944729082750383e-02
1.495601173020527919e-01 -1.497059672654870235e-02
1.505376344086021556e-01 -1.499189243794001904e-02
1.515151515151515194e-01 -1.501333680251128178e-02
1.524926686217008831e-01 -1.503493207475618126e-02
1.534701857282502468e-01 -1.505668039256730442e-02
1.544477028347996106e-01 -1.507858378337089203e-02
1.554252199413489743e-01 -1.510064416999540651e-02
1.564027370478983381e-01 -1.512286337627689534e-02
1.573802541544477018e-01 -1.514524313241380482e-02
1.583577712609970656e-01 -1.516778508007744081e-02
1.593352883675464293e-01 -1.519049077729074659e-02
1.603128054740957931e-01 -1.521336170307492630e-02
1.612903225806451568e-01 -1.523639926188045078e-02
1.622678396871945206e-01 -1.525960478780877955e-02
1.632453567937438843e-01 -1.528297954862709897e-02
1.642228739002932481e-01 -1.530652474959209690e-02
1.652003910068426118e-01 -1.533024153708303569e-02
1.661779081133919755e-01 -1.535413100205651818e-02
1.671554252199413393e-01 -1.537819418332730427e-02
1.681329423264907030e-01 -1.540243207068522392e-02
1.691104594330400668e-01 -1.542684560784803212e-02
1.700879765395894305e-01 -1.545143569526497875e-02
1.710654936461387943e-01 -1.547620319277818839e-02
1.720430107526881858e-01 -1.550114892213907969e-02
1.730205278592375495e-01 -1.552627366939011988e-02
1.739980449657869133e-01 -1.555157818712481037e-02
1.749755620723362770e-01 -1.557706319662012333e-02
1.759530791788856408e-01 -1.560272938985934020e-02
1.769305962854350045e-01 -1.562857743143578060e-02
1.779081133919843682e-01 -1.565460796035848118e-02
1.788856304985337320e-01 -1.568082159175073279e-02
1.798631476050830957e-01 -1.570721891845654888e-02
1.808406647116324595e-01 -1.573380051255753725e-02
1.818181818181818232e-01 -1.576056692679658061e-02
1.827956989247311870e-01 -1.578751869592876292e-02
1.837732160312805507e-01 -1.581465633798292275e-02
1.847507331378299145e-01 -1.584198035545706165e-02
1.857282502443792782e-01 -1.586949123644213963e-02
1.867057673509286420e-01 -1.589718945567574621e-02
1.876832844574780057e-01 -1.592507547553257199e-02
1.886608015640273694e-01 -1.595314974696117327e-02
1.896383186705767332e-01 -1.598141271035665584e-02
1.906158357771260969e-01 -1.600986479638165372e-02
1.915933528836754607e-01 -1.603850642673939481e-02
1.925708699902248244e-01 -1.606733801489709790e-02
1.935483870967741882e-01 -1.609635996676163014e-02
1.945259042033235519e-01 -1.612557268131463092e-02
1.955034213098729157e-01 -1.615497655120721673e-02
1.964809384164222794e-01 -1.618457196331854128e-02
1.974584555229716432e-01 -1.621435929927421415e-02
1.984359726295210069e-01 -1.624433893593365749e-02
1.994134897360703707e-01 -1.627451124584594622e-02
2.003910068426197344e-01 -1.630487659767175176e-02
2.013685239491690981e-01 -1.633543535658415688e-02
2.023460410557184619e-01 -1.636618788463713170e-02
2.033235581622678256e-01 -1.639713454111223906e-02
2.043010752688172171e-01 -1.642827568283718176e-02
2.052785923753665809e-01 -1.645961166448927510e-02
2.062561094819159446e-01 -1.649114283887514326e-02
2.072336265884653084e-01 -1.652286955718896069e-02
2.082111436950146721e-01 -1.655479216925732217e-02
2.091886608015640359e-01 -1.658691102376020146e-02
2.101661779081133996e-01 -1.661922646844411766e-02
2.111436950146627634e-01 -1.665173885031557763e-02
2.121212121212121271e-01 -1.668444851582185154e-02
2.130987292277614908e-01 -1.671735581101602836e-02
2.140762463343108546e-01 -1.675046108171605874e-02
2.150537634408602183e-01 -1.678376467364716546e-02
2.160312805474095821e-01 -1.681726693257384192e-02
2.170087976539589458e-01 -1.685096820442650439e-02
2.179863147605083096e-01 -1.688486883541396102e-02
2.189638318670576733e-01 -1.691896917212789772e-02
2.199413489736070371e-01 -1.695326956164202800e-02
2.209188660801564008e-01 -1.698777035160238882e-02
2.218963831867057646e-01 -1.702247189031073568e-02
2.228739002932551283e-01 -1.705737452679952082e-02
2.238514173998044920e-01 -1.709247861090422080e-02
2.248289345063538558e-01 -1.712778449332831576e-02
2.258064516129032195e-01 -1.716329252570053879e-02
2.267839687194525833e-01 -1.719900306063541426e-02
2.277614858260019470e-01 -1.723491645177542900e-02
2.287390029325513108e-01 -1.727103305384602300e-02
2.297165200391006745e-01 -1.730735322269220250e-02
2.306940371456500383e-01 -1.734387731531847679e-02
2.316715542521994020e-01 -1.738060568992565863e-02
2.326490713587487658e-01 -1.741753870593972658e-02
2.336265884652981295e-01 -1.745467672404618989e-02
2.346041055718475210e-01 -1.749202010621383335e-02
2.355816226783968848e-01 -1.752956921571712304e-02
2.365591397849462485e-01 -1.756732441716126608e-02
2.375366568914956122e-01 -1.760528607650174021e-02
2.385141739980449760e-01 -1.764345456106047524e-02
2.394916911045943397e-01 -1.768183023954294358e-02
2.404692082111437035e-01 -1.772041348205102493e-02
2.414467253176930672e-01 -1.775920466009742529e-02
2.424242424242424310e-01 -1.779820414661587372e-02
2.434017595307917947e-01 -1.783741231597289062e-02
2.443792766373411585e-01 -1.787682954397332158e-02
2.453567937438905222e-01 -1.791645620786988871e-02
2.463343108504398860e-01 -1.795629268636938711e-02
2.473118279569892497e-01 -1.799633935963913453e-02
2.482893450635386134e-01 -1.803659660930895248e-02
2.492668621700879772e-01 -1.807706481847694627e-02
2.502443792766373409e-01 -1.811774437171237429e-02
2.512218963831867047e-01 -1.815863565505655350e-02
2.521994134897360684e-01 -1.819973905602551012e-02
2.531769305962854322e-01 -1.824105496361086085e-02
2.541544477028347959e-01 -1.828258376827960469e-02
2.551319648093841597e-01 -1.832432586197545177e-02
2.561094819159335234e-01 -1.836628163811393141e-02
2.570869990224828872e-01 -1.840845149158728752e-02
2.580645161290322509e-01 -1.845083581875825440e-02
2.590420332355816146e-01 -1.849343501745895693e-02
2.600195503421309784e-01 -1.853624948699001893e-02
2.609970674486803421e-01 -1.857927962811679184e-02
2.619745845552297059e-01 -1.862252584306580902e-02
2.629521016617790696e-01 -1.866598853552322787e-02
2.639296187683284334e-01 -1.870966811062862653e-02
2.649071358748777971e-01 -1.875356497497210687e-02
2.658846529814271609e-01 -1.879767953659253546e-02
2.668621700879765246e-01 -1.884201220496732262e-02
2.678396871945258884e-01 -1.888656339101444162e-02
2.688172043010752521e-01 -1.893133350708463628e-02
2.697947214076246158e-01 -1.897632296695346207e-02
2.707722385141739796e-01 -1.902153218581993654e-02
2.717497556207233433e-01 -1.906696158029967669e-02
2.727272727272727071e-01 -1.911261156842110689e-02
2.737047898338220708e-01 -1.915848256961483892e-02
2.746823069403714346e-01 -1.920457500471231885e-02
2.756598240469207983e-01 -1.925088929593852041e-02
2.766373411534701621e-01 -1.929742586690416997e-02
2.776148582600195258e-01 -1.934418514260064989e-02
2.785923753665688896e-01 -1.939116754939268494e-02
2.795698924731182533e-01 -1.943837351501211466e-02
2.805474095796676171e-01 -1.948580346855103770e-02
2.815249266862169808e-01 -1.953345784045557726e-02
2.825024437927664001e-01 -1.958133706251636783e-02
2.834799608993157638e-01 -1.962944156786054078e-02
2.844574780058651275e-01 -1.967777179094842496e-02
2.854349951124144913e-01 -1.972632816756598670e-02
2.864125122189638550e-01 -1.977511113481330435e-02
2.873900293255132188e-01 -1.982412113109701182e-02
2.883675464320625825e-01 -1.987335859612677016e-02
2.893450635386119463e-01 -1.992282397090061261e-02
2.903225806451613100e-01 -1.997251769770450047e-02
2.913000977517106738e-01 -2.002244022009857724e-02
2.922776148582600375e-01 -2.007259198290829369e-02
2.932551319648094013e-01 -2.012297343222173990e-02
2.942326490713587650e-01 -2.017358501537323823e-02
2.952101661779081287e-01 -2.022442718094023123e-02
2.961876832844574925e-01 -2.027550037873174921e-02
2.971652003910068562e-01 -2.032680505978042701e-02
2.981427174975562200e-01 -2.037834167633584270e-02
2.991202346041055837e-01 -2.043011068184988344e-02
3.000977517106549475e-01 -2.048211253096876225e-02
3.010752688172043112e-01 -2.053434767952767512e-02
3.020527859237536750e-01 -2.058681658453529947e-02
3.030303030303030387e-01 -2.063951970416711898e-02
3.040078201368524025e-01 -2.069245749775789830e-02
3.049853372434017662e-01 -2.074563042578835351e-02
3.059628543499511300e-01 -2.079903894987408103e-02
3.069403714565004937e-01 -2.085268353276021822e-02
3.079178885630498574e-01 -2.090656463830281586e-02
3.088954056695992212e-01 -2.096068273146617714e-02
3.098729227761485849e-01 -2.101503827831044044e-02
3.108504398826979487e-01 -2.106963174597648036e-02
3.118279569892473124e-01 -2.112446360267926371e-02
3.128054740957966762e-01 -2.117953431769853748e-02
3.137829912023460399e-01 -2.123484436135840078e-02
3.147605083088954037e-01 -2.129039420502732913e-02
3.157380254154447674e-01 -2.134618432110129901e-02
3.167155425219941312e-01 -2.140221518298915729e-02
3.176930596285434949e-01 -2.145848726510905802e-02
3.186705767350928586e-01 -2.151500104286718784e-02
3.196480938416422224e-01 -2.157175699264931440e-02
3.206256109481915861e-01 -2.162875559181326110e-02
3.216031280547409499e-01 -2.168599731867115049e-02
3.225806451612903136e-01 -2.174348265247743120e-02
3.235581622678396774e-01 -2.180121207342000655e-02
3.245356793743890411e-01 -2.185918606259936933e-02
3.255131964809384049e-01 -2.191740510202463271e-02
3.264907135874877686e-01 -2.197586967459753265e-02
3.274682306940371324e-01 -2.203458026409647538e-02
3.284457478005864961e-01 -2.209353735516499107e-02
3.294232649071358598e-01 -2.215274143329754378e-02
3.304007820136852236e-01 -2.221219298482932786e-02
3.313782991202345873e-01 -2.227189249691717901e-02
3.323558162267839511e-01 -2.233184045752761512e-02
3.333333333333333148e-01 -2.239203735542394727e-02
3.343108504398826786e-01 -2.245248368015121884e-02
3.352883675464320423e-01 -2.251317992201933016e-02
3.362658846529814061e-01 -2.257412657208840087e-02
3.372434017595307698e-01 -2.263532412215857673e-02
3.382209188660801336e-01 -2.269677306475403541e-02
3.391984359726294973e-01 -2.275847389310393237e-02
3.401759530791788610e-01 -2.282042710112775624e-02
3.411534701857282248e-01 -2.288263318342288744e-02
3.421309872922775885e-01 -2.294509263524377451e-02
3.431085043988269523e-01 -2.300780595249169933e-02
3.440860215053763715e-01 -2.307077363169618076e-02
3.450635386119257353e-01 -2.313399616999674280e-02
3.460410557184750990e-01 -2.319747406512831164e-02
3.470185728250244628e-01 -2.326120781540655033e-02
3.479960899315738265e-01 -2.332519791970790249e-02
3.489736070381231903e-01 -2.338944487745362247e-02
3.499511241446725540e-01 -2.345394918859158850e-02
3.509286412512219178e-01 -2.351871135357942733e-02
3.519061583577712815e-01 -2.358373187337167373e-02
3.528836754643206453e-01 -2.364901124939356933e-02
3.538611925708700090e-01 -2.371454998352688290e-02
3.548387096774193727e-01 -2.378034857809437422e-02
3.558162267839687365e-01 -2.384640753583939718e-02
3.567937438905181002e-01 -2.391272735990502413e-02
3.577712609970674640e-01 -2.397930855381543921e-02
3.587487781036168277e-01 -2.404615162146350391e-02
3.597262952101661915e-01 -2.411325706708590186e-02
3.607038123167155552e-01 -2.418062539524009485e-02
3.616813294232649190e-01 -2.424825711079365079e-02
3.626588465298142827e-01 -2.431615271889940935e-02
3.636363636363636465e-01 -2.438431272497551539e-02
3.646138807429130102e-01 -2.445273763468323869e-02
3.655913978494623739e-01 -2.452142795391277358e-02
3.665689149560117377e-01 -2.459038418875884521e-02
3.675464320625611014e-01 -2.465960684549540691e-02
3.685239491691104652e-01 -2.472909643056323339e-02
3.695014662756598289e-01 -2.479885345054417753e-02
3.704789833822091927e-01 -2.486887841213544781e-02
3.714565004887585564e-01 -2.493917182213539752e-02
3.724340175953079202e-01 -2.500973418741958554e-02
3.734115347018572839e-01 -2.508056601491280915e-02
3.743890518084066477e-01 -2.515166781157314457e-02
3.753665689149560114e-01 -2.522304008436709530e-02
3.763440860215053752e-01 -2.529468334024741194e-02
3.773216031280547389e-01 -2.536659808612558645e-02
3.782991202346041026e-01 -2.543878482885676001e-02
3.792766373411534664e-01 -2.551124407520780069e-02
3.802541544477028301e-01 -2.558397633183597669e-02
3.812316715542521939e-01 -2.565698210526990569e-02
3.822091886608015576e-01 -2.573026190187671300e-02
3.831867057673509214e-01 -2.580381622784340412e-02
3.841642228739002851e-01 -2.587764558914934510e-02
3.851417399804496489e-01 -2.595175049154276048e-02
3.861192570869990126e-01 -2.602613144051500391e-02
3.870967741935483764e-01 -2.610078894127170618e-02
3.880742913000977401e-01 -2.617572349871238532e-02
3.890518084066471038e-01 -2.625093561740025547e-02
3.900293255131964676e-01 -2.632642580153608108e-02
3.910068426197458313e-01 -2.640219455493507394e-02
3.919843597262951951e-01 -2.647824238099497768e-02
3.929618768328445588e-01 -2.655456978267164633e-02
3.939393939393939226e-01 -2.663117726245244066e-02
3.949169110459432863e-01 -2.670806532232338631e-02
3.958944281524926501e-01 -2.678523446374965825e-02
3.968719452590420138e-01 -2.686268518763964414e-02
3.978494623655913776e-01 -2.694041799431877091e-02
3.988269794721407413e-01 -2.701843338350287671e-02
3.998044965786901050e-01 -2.709673185426760694e-02
4.007820136852394688e-01 -2.717531390501603389e-02
4.017595307917888325e-01 -2.725418003345334364e-02
4.027370478983381963e-01 -2.733333073655536474e-02
4.037145650048875600e-01 -2.741276651053749930e-02
4.046920821114369238e-01 -2.749248785082543736e-02
4.056695992179862875e-01 -2.757249525202100371e-02
4.066471163245356513e-01 -2.765278920787819783e-02
4.076246334310850705e-01 -2.773337021126281998e-02
4.086021505376344343e-01 -2.781423875412673483e-02
4.095796676441837980e-01 -2.789539532747461678e-02
4.105571847507331618e-01 -2.797684042133153151e-02
4.115347018572825255e-01 -2.805857452470836289e-02
4.125122189638318893e-01 -2.814059812557250309e-02
4.134897360703812530e-01 -2.822291171080972688e-02
4.144672531769306167e-01 -2.830551576619532925e-02
4.154447702834799805e-01 -2.838841077635908747e-02
4.164222873900293442e-01 -2.847159722474755170e-02
4.173998044965787080e-01 -2.855507559359698327e-02
4.183773216031280717e-01 -2.863884636389030930e-02
4.193548387096774355e-01 -2.872291001532563046e-02
4.203323558162267992e-01 -2.880726702628251534e-02
4.213098729227761630e-01 -2.889191787378248694e-02
4.222873900293255267e-01 -2.897686303345754777e-02
4.232649071358748905e-01 -2.906210297951157540e-02
4.242424242424242542e-01 -2.914763818467728043e-02
4.252199413489736179e-01 -2.923346912019136878e-02
4.261974584555229817e-01 -2.931959625574750983e-02
4.271749755620723454e-01 -2.940602005946484424e-02
4.281524926686217092e-01 -2.949274099784316913e-02
4.291300097751710729e-01 -2.957975953572921854e-02
4.301075268817204367e-01 -2.966707613628073031e-02
4.310850439882698004e-01 -2.975469126091853309e-02
4.320625610948191642e-01 -2.984260536929504368e-02
4.330400782013685279e-01 -2.993081891924901164e-02
4.340175953079178917e-01 -3.001933236677225419e-02
4.349951124144672554e-01 -3.010814616596129215e-02
4.359726295210166191e-01 -3.019726076898096231e-02
4.369501466275659829e-01 -3.028667662602405747e-02
4.379276637341153466e-01 -3.037639418526651841e-02
4.389051808406647104e-01 -3.046641389282660206e-02
4.398826979472140741e-01 -3.055673619272630120e-02
4.408602150537634379e-01 -3.064736152683897319e-02
4.418377321603128016e-01 -3.073829033486318724e-02
4.428152492668621654e-01 -3.082952305426192932e-02
4.437927663734115291e-01 -3.092106012022489275e-02
4.447702834799608929e-01 -3.101290196563387738e-02
4.457478005865102566e-01 -3.110504902100244204e-02
4.467253176930596203e-01 -3.119750171444220926e-02
4.477028347996089841e-01 -3.129026047161225649e-02
4.486803519061583478e-01 -3.138332571567744450e-02
4.496578690127077116e-01 -3.147669786726225993e-02
4.506353861192570753e-01 -3.157037734440289178e-02
4.516129032258064391e-01 -3.166436456249755588e-02
4.525904203323558028e-01 -3.175865993426303657e-02
4.535679374389051666e-01 -3.185326386968760637e-02
4.545454545454545303e-01 -3.194817677598670719e-02
4.555229716520038941e-01 -3.204339905753993134e-02
4.565004887585532578e-01 -3.213893111586262757e-02
4.574780058651026216e-01 -3.223477334954558127e-02
4.584555229716519853e-01 -3.233092615420351396e-02
4.594330400782013490e-01 -3.242738992242987645e-02
4.604105571847507128e-01 -3.252416504374888717e-02
4.613880742913000765e-01 -3.262125190455878593e-02
4.623655913978494403e-01 -3.271865088808389999e-02
4.633431085043988040e-01 -3.281636237433026293e-02
4.643206256109481678e-01 -3.291438674001377629e-02
4.652981427174975315e-01 -3.301272435853090659e-02
4.662756598240468953e-01 -3.311137559989923984e-02
4.672531769305962590e-01 -3.321034083069270004e-02
4.682306940371456228e-01 -3.330962041400518936e-02
4.692082111436950420e-01 -3.340921470938224003e-02
4.701857282502444058e-01 -3.350912407277666788e-02
4.711632453567937695e-01 -3.360934885649179138e-02
4.721407624633431332e-01 -3.370988940912549026e-02
4.731182795698924970e-01 -3.381074607551524946e-02
4.740957966764418607e-01 -3.391191919667776999e-02
4.750733137829912245e-01 -3.401340910975931414e-02
4.760508308895405882e-01 -3.411521614798333768e-02
4.770283479960899520e-01 -3.421734064057152525e-02
4.780058651026393157e-01 -3.431978291271362003e-02
4.789833822091886795e-01 -3.442254328549820830e-02
4.799608993157380432e-01 -3.452562207584529419e-02
4.809384164222874070e-01 -3.462901959646104422e-02
4.819159335288367707e-01 -3.473273615577034124e-02
4.828934506353861345e-01 -3.483677205786889219e-02
4.838709677419354982e-01 -3.494112760244243859e-02
4.848484848484848619e-01 -3.504580308472778072e-02
4.858260019550342257e-01 -3.515079879543552693e-02
4.868035190615835894e-01 -3.525611502070129938e-02
4.877810361681329532e-01 -3.536175204201655320e-02
4.887585532746823169e-01 -3.546771013617175394e-02
4.897360703812316807e-01 -3.557398957518720373e-02
4.907135874877810444e-01 -3.568059062625266592e-02
4.916911045943304082e-01 -3.578751355166703840e-02
4.926686217008797719e-01 -3.589475860877094915e-02
4.936461388074291357e-01 -3.600232604988638091e-02
4.946236559139784994e-01 -3.611021612224835087e-02
4.956011730205278631e-01 -3.621842906793574374e-02
4.965786901270772269e-01 -3.632696512381711207e-02
4.975562072336265906e-01 -3.643582452148332040e-02
4.985337243401759544e-01 -3.654500748715874825e-02
4.995112414467253181e-01 -3.665451424166495803e-02
5.004887585532746819e-01 -3.676434500034169578e-02
5.014662756598240456e-01 -3.687449997297147231e-02
5.024437927663734094e-01 -3.698497936371923644e-02
5.034213098729227731e-01 -3.709578337106406165e-02
5.043988269794721369e-01 -3.720691218772723130e-02
5.053763440860215006e-01 -3.731836600060397385e-02
5.063538611925708643e-01 -3.743014499069243634e-02
5.073313782991202281e-01 -3.754224933302802159e-02
5.083088954056695918e-01 -3.765467919660533958e-02
5.092864125122189556e-01 -3.776743474430720171e-02
5.102639296187683193e-01 -3.788051613284692393e-02
5.112414467253176831e-01 -3.799392351267963375e-02
5.122189638318670468e-01 -3.810765702793216664e-02
5.131964809384164106e-01 -3.822171681634446011e-02
5.141739980449657743e-01 -3.833610300917468516e-02
5.151515151515151381e-01 -3.845081573114237511e-02
5.161290322580645018e-01 -3.856585510035131364e-02
5.171065493646138655e-01 -3.868122122820250725e-02
5.180840664711632293e-01 -3.879691421933920831e-02
5.190615835777125930e-01 -3.891293417155641116e-02
5.200391006842619568e-01 -3.902928117572718875e-02
5.210166177908113205e-01 -3.914595531573348414e-02
5.219941348973606843e-01 -3.926295666838006820e-02
5.229716520039100480e-01 -3.938028530332528948e-02
5.239491691104594118e-01 -3.949794128299946583e-02
5.249266862170087755e-01 -3.961592466252502470e-02
5.259042033235581393e-01 -3.973423548964551133e-02
5.268817204301075030e-01 -3.985287380463596596e-02
5.278592375366568668e-01 -3.997183964023551944e-02
5.288367546432062305e-01 -4.009113302156039338e-02
5.298142717497555942e-01 -4.021075396601785090e-02
5.307917888563049580e-01 -4.033070248324586299e-02
5.317693059628543217e-01 -4.045097857500930261e-02
5.327468230694036855e-01 -4.057158223513425421e-02
5.337243401759530492e-01 -4.069251344942374088e-02
5.347018572825024130e-01 -4.081377219556277247e-02
5.356793743890517767e-01 -4.093535844305713073e-02
5.366568914956011405e-01 -4.105727215313133283e-02
5.376344086021505042e-01 -4.117951327865849998e-02
5.386119257086998680e-01 -4.130208176407078324e-02
5.395894428152492317e-01 -4.142497754527681847e-02
5.405669599217985954e-01 -4.154820054957655134e-02
5.415444770283479592e-01 -4.167175069556805500e-02
5.425219941348973229e-01 -4.179562789308989557e-02
5.434995112414466867e-01 -4.191983204309950722e-02
5.444770283479960504e-01 -4.204436303761203281e-02
5.454545454545454142e-01 -4.216922075960977123e-02
5.464320625610947779e-01 -4.229440508294282641e-02
5.474095796676441417e-01 -4.241991587225721339e-02
5.483870967741935054e-01 -4.254575298290260571e-02
5.493646138807428692e-01 -4.267191626084446132e-02
5.503421309872922329e-01 -4.279840554256998664e-02
5.513196480938415966e-01 -4.292522065501182260e-02
5.522971652003909604e-01 -4.305236141544688255e-02
5.532746823069403241e-01 -4.317982763141740843e-02
5.542521994134896879e-01 -4.330761910063422176e-02
5.552297165200390516e-01 -4.343573561089244389e-02
5.562072336265884154e-01 -4.356417693997566981e-02
5.571847507331377791e-01 -4.369294285556900304e-02
5.581622678396871429e-01 -4.382203311517122307e-02
5.591397849462365066e-01 -4.395144746599983360e-02
5.601173020527858704e-01 -4.408118564489611757e-02
5.610948191593352341e-01 -4.421124737824173173e-02
5.620723362658845979e-01 -4.434163238186290129e-02
5.630498533724339616e-01 -4.447234036093986737e-02
5.640273704789834364e-01 -4.460337100990489217e-02
5.650048875855328001e-01 -4.473472401236592427e-02
5.659824046920821639e-01 -4.486639904100277881e-02
5.669599217986315276e-01 -4.499839575747310166e-02
5.679374389051808913e-01 -4.513071381232364176e-02
5.689149560117302551e-01 -4.526335284489260702e-02
5.698924731182796188e-01 -4.539631248322364976e-02
5.708699902248289826e-01 -4.552959234395757837e-02
5.718475073313783463e-01 -4.566319203224539908e-02
5.728250244379277101e-01 -4.579711114166227365e-02
5.738025415444770738e-01 -4.593134925409569219e-02
5.747800586510264376e-01 -4.606590593966030517e-02
5.757575757575758013e-01 -4.620078075660121603e-02
5.767350928641251651e-01 -4.633597325120077104e-02
5.777126099706745288e-01 -4.647148295767303261e-02
5.786901270772238925e-01 -4.660730939807675860e-02
5.796676441837732563e-01 -4.674345208222228931e-02
5.806451612903226200e-01 -4.687991050756236400e-02
5.816226783968719838e-01 -4.701668415910520427e-02
5.826001955034213475e-01 -4.715377250931775815e-02
5.835777126099707113e-01 -4.729117501802457962e-02
5.845552297165200750e-01 -4.742889113231020526e-02
5.855327468230694388e-01 -4.756692028643309117e-02
5.865102639296188025e-01 -4.770526190171202330e-02
5.874877810361681663e-01 -4.784391538643920083e-02
5.884652981427175300e-01 -4.798288013578081573e-02
5.894428152492668938e-01 -4.812215553168211479e-02
5.904203323558162575e-01 -4.826174094275739734e-02
5.913978494623656212e-01 -4.840163572421280619e-02
5.923753665689149850e-01 -4.854183921773096849e-02
5.933528836754643487e-01 -4.868235075137961054e-02
5.943304007820137125e-01 -4.882316963951662675e-02
5.953079178885630762e-01 -4.896429518269156816e-02
5.962854349951124400e-01 -4.910572666754627058e-02
5.972629521016618037e-01 -4.924746336670660779e-02
5.982404692082111675e-01 -4.938950453869907220e-02
5.992179863147605312e-01 -4.953184942785231193e-02
6.001955034213098950e-01 -4.967449726419061878e-02
6.011730205278592587e-01 -4.981744726333987849e-02
6.021505376344086224e-01 -4.996069862643355564e-02
6.031280547409579862e-01 -5.010425054001059475e-02
6.041055718475073499e-01 -5.024810217591696437e-02
6.050830889540567137e-01 -5.039225269121248851e-02
6.060606060606060774e-01 -5.053670122806523668e-02
6.070381231671554412e-01 -5.068144691366725796e-02
6.080156402737048049e-01 -5.082648886012541833e-02
6.089931573802541687e-01 -5.097182616436379821e-02
6.099706744868035324e-01 -5.111745790803497863e-02
6.109481915933528962e-01 -5.126338315742419438e-02
6.119257086999022599e-01 -5.140960096334463991e-02
6.129032258064516236e-01 -5.155611036104251754e-02
6.138807429130009874e-01 -5.170291037010210644e-02
6.148582600195503511e-01 -5.184999999434904833e-02
6.158357771260997149e-01 -5.199737822175450053e-02
6.168132942326490786e-01 -5.214504402434731040e-02
6.177908113391984424e-01 -5.229299635810042562e-02
6.187683284457478061e-01 -5.244123416285193656e-02
6.197458455522971699e-01 -5.258975636220834110e-02
6.207233626588465336e-01 -5.273856186343897634e-02
6.217008797653958974e-01 -5.288764955739437557e-02
6.226783968719452611e-01 -5.303701831840421793e-02
6.236559139784946248e-01 -5.318666700418772653e-02
6.246334310850439886e-01 -5.333659445575517077e-02
6.256109481915933523e-01 -5.348679949732446093e-02
6.265884652981427161e-01 -5.363728093621997900e-02
6.275659824046920798e-01 -5.378803756278476705e-02
6.285434995112414436e-01 -5.393906815028199492e-02
6.295210166177908073e-01 -5.409037145481425390e-02
6.304985337243401711e-01 -5.424194621523036053e-02
6.314760508308895348e-01 -5.439379115302511725e-02
6.324535679374388986e-01 -5.454590497225676043e-02
6.334310850439882623e-01 -5.469828635945470086e-02
6.344086021505376261e-01 -5.485093398354587424e-02
6.353861192570869898e-01 -5.500384649573761969e-02
6.363636363636363535e-01 -5.515702252945022671e-02
6.373411534701857173e-01 -5.531046070022468258e-02
6.383186705767350810e-01 -5.546415960563923220e-02
6.392961876832844448e-01 -5.561811782521534908e-02
6.402737047898338085e-01 -5.577233392033432990e-02
6.412512218963831723e-01 -5.592680643415740005e-02
6.422287390029325360e-01 -5.608153389154236362e-02
6.432062561094818998e-01 -5.623651479894772182e-02
6.441837732160312635e-01 -5.639174764435815612e-02
6.451612903225806273e-01 -5.654723089720469636e-02
6.461388074291299910e-01 -5.670296300828303604e-02
6.471163245356793547e-01 -5.685894240965953805e-02
6.480938416422287185e-01 -5.701516751460019433e-02
6.490713587487780822e-01 -5.717163671750499776e-02
6.500488758553274460e-01 -5.732834839379436637e-02
6.510263929618768097e-01 -5.748530089987184677e-02
6.520039100684261735e-01 -5.764249257300347457e-02
6.529814271749755372e-01 -5.779992173128227495e-02
6.539589442815249010e-01 -5.795758667353240884e-02
6.549364613880742647e-01 -5.811548567921692721e-02
6.559139784946236285e-01 -5.827361700839514547e-02
6.568914956011729922e-01 -5.843197890163748937e-02
6.578690127077223559e-01 -5.859056957994385195e-02
6.588465298142717197e-01 -5.874938724466906292e-02
6.598240469208210834e-01 -5.890843007746785626e-02
6.608015640273704472e-01 -5.906769624022392001e-02
6.617790811339198109e-01 -5.922718387495402859e-02
6.627565982404691747e-01 -5.938689110375839492e-02
6.637341153470185384e-01 -5.954681602875851881e-02
6.647116324535679022e-01 -5.970695673201025649e-02
6.656891495601172659e-01 -5.986731127544168973e-02
6.666666666666666297e-01 -6.002787770079635876e-02
6.676441837732159934e-01 -6.018865402956226351e-02
6.686217008797653572e-01 -6.034963826289023447e-02
6.695992179863147209e-01 -6.051082838155488752e-02
6.705767350928640846e-01 -6.067222234586413382e-02
6.715542521994134484e-01 -6.083381809561123899e-02
6.725317693059628121e-01 -6.099561355000562846e-02
6.735092864125121759e-01 -6.115760660759303469e-02
6.744868035190615396e-01 -6.131979514622177413e-02
6.754643206256109034e-01 -6.148217702295932091e-02
6.764418377321602671e-01 -6.164475007400894296e-02
6.774193548387096309e-01 -6.180751211467416101e-02
6.783968719452589946e-01 -6.197046093929666627e-02
6.793743890518083584e-01 -6.213359432115338893e-02
6.803519061583577221e-01 -6.229691001242100568e-02
6.813294232649070858e-01 -6.246040574409429669e-02
6.823069403714564496e-01 -6.262407922592581888e-02
6.832844574780058133e-01 -6.278792814633715746e-02
6.842619745845551771e-01 -6.295195017235862001e-02
6.852394916911045408e-01 -6.311614294956001403e-02
6.862170087976539046e-01 -6.328050410195125430e-02
6.871945259042032683e-01 -6.344503123191846949e-02
6.881720430107527431e-01 -6.360972192014062443e-02
6.891495601173021068e-01 -6.377457372549368009e-02
6.901270772238514706e-01 -6.393958418496008267e-02
6.911045943304008343e-01 -6.410475081352406956e-02
6.920821114369501981e-01 -6.427007110410065671e-02
6.930596285434995618e-01 -6.443554252738482868e-02
6.940371456500489256e-01 -6.460116253176989565e-02
6.950146627565982893e-01 -6.476692854320907633e-02
6.959921798631476531e-01 -6.493283796508771133e-02
6.969696969696970168e-01 -6.509888817809902917e-02
6.979472140762463805e-01 -6.526507654006498405e-02
6.989247311827957443e-01 -6.543140038581014839e-02
6.999022482893451080e-01 -6.559785702696657728e-02
7.008797653958944718e-01 -6.576444375179454904e-02
7.018572825024438355e-01 -6.593115782497849242e-02
7.028347996089931993e-01 -6.609799648742291367e-02
7.038123167155425630e-01 -6.626495695600567726e-02
7.047898338220919268e-01 -6.643203642333316006e-02
7.057673509286412905e-01 -6.659923205745275909e-02
7.067448680351906543e-01 -6.676654100157243532e-02
7.077223851417400180e-01 -6.693396037372720264e-02
7.086999022482893817e-01 -6.710148726642407857e-02
7.096774193548387455e-01 -6.726911874627304611e-02
7.106549364613881092e-01 -6.743685185357353729e-02
7.116324535679374730e-01 -6.760468360184240799e-02
7.126099706744868367e-01 -6.777261097734890716e-02
7.135874877810362005e-01 -6.794063093859306623e-02
7.145650048875855642e-01 -6.810874041570044723e-02
7.155425219941349280e-01 -6.827693630981170048e-02
7.165200391006842917e-01 -6.844521549241357194e-02
7.174975562072336555e-01 -6.861357480458285529e-02
7.184750733137830192e-01 -6.878201105620204703e-02
7.194525904203323829e-01 -6.895052102507912006e-02
7.204301075268817467e-01 -6.911910145601408983e-02
7.214076246334311104e-01 -6.928774905976792242e-02
7.223851417399804742e-01 -6.945646051196054105e-02
7.233626588465298379e-01 -6.962523245187290932e-02
7.243401759530792017e-01 -6.979406148114096486e-02
7.253176930596285654e-01 -6.996294416233937719e-02
7.262952101661779292e-01 -7.013187701747147784e-02
7.272727272727272929e-01 -7.030085652631518078e-02
7.282502443792766567e-01 -7.046987912460586645e-02
7.292277614858260204e-01 -7.063894120214458949e-02
7.302052785923753842e-01 -7.080803910070222751e-02
7.311827956989247479e-01 -7.097716911174092869e-02
7.321603128054741116e-01 -7.114632747400059798e-02
7.331378299120234754e-01 -7.131551037085998024e-02
7.341153470185728391e-01 -7.148471392748673159e-02
7.350928641251222029e-01 -7.165393420779382627e-02
7.360703812316715666e-01 -7.182316721113705948e-02
7.370478983382209304e-01 -7.199240886874447298e-02
7.380254154447702941e-01 -7.216165503990625008e-02
7.390029325513196579e-01 -7.233090150782921224e-02
7.399804496578690216e-01 -7.250014397521088727e-02
7.409579667644183854e-01 -7.266937805946047102e-02
7.419354838709677491e-01 -7.283859928757727142e-02
7.429130009775171128e-01 -7.300780309061206952e-02
7.438905180840664766e-01 -7.317698479775593123e-02
7.448680351906158403e-01 -7.334613962998874637e-02
7.458455522971652041e-01 -7.351526269320617091e-02
7.468230694037145678e-01 -7.368434897095435532e-02
7.478005865102639316e-01 -7.385339331653277550e-02
7.487781036168132953e-01 -7.402239044458261419e-02
7.497556207233626591e-01 -7.419133492207163894e-02
7.507331378299120228e-01 -7.436022115865270621e-02
7.517106549364613866e-01 -7.452904339629462527e-02
7.526881720430107503e-01 -7.469779569825285570e-02
7.536656891495601140e-01 -7.486647193723285076e-02
7.546432062561094778e-01 -7.503506578274579675e-02
7.556207233626588415e-01 -7.520357068762686947e-02
7.565982404692082053e-01 -7.537197987359152418e-02
7.575757575757575690e-01 -7.554028631586558185e-02
7.585532746823069328e-01 -7.570848272676099222e-02
7.595307917888562965e-01 -7.587656153815686144e-02
7.605083088954056603e-01 -7.604451488284100225e-02
7.614858260019550240e-01 -7.621233457463776062e-02
7.624633431085043878e-01 -7.638001208723499413e-02
7.634408602150537515e-01 -7.654753853161086474e-02
7.644183773216031152e-01 -7.671490463209594546e-02
7.653958944281524790e-01 -7.688210070085953196e-02
7.663734115347018427e-01 -7.704911661079513752e-02
7.673509286412512065e-01 -7.721594176674147214e-02
7.683284457478005702e-01 -7.738256507487376035e-02
7.693059628543499340e-01 -7.754897491026363499e-02
7.702834799608992977e-01 -7.771515908244791548e-02
7.712609970674486615e-01 -7.788110479888386839e-02
7.722385141739980252e-01 -7.804679862626058562e-02
7.732160312805473890e-01 -7.821222644946090874e-02
7.741935483870967527e-01 -7.837737342816303299e-02
7.751710654936461165e-01 -7.854222395086714326e-02
7.761485826001954802e-01 -7.870676158625122820e-02
7.771260997067448439e-01 -7.887096903176209206e-02
7.781036168132942077e-01 -7.903482805926749510e-02
7.790811339198435714e-01 -7.919831945764899128e-02
7.800586510263929352e-01 -7.936142297215942332e-02
7.810361681329422989e-01 -7.952411724047631081e-02
7.820136852394916627e-01 -7.968637972518803625e-02
7.829912023460410264e-01 -7.984818664267412380e-02
7.839687194525903902e-01 -8.000951288808665074e-02
7.849462365591397539e-01 -8.017033195639020060e-02
7.859237536656891177e-01 -8.033061585924207437e-02
7.869012707722384814e-01 -8.049033503746623464e-02
7.878787878787878451e-01 -8.064945826907811421e-02
7.888563049853372089e-01 -8.080795257254111408e-02
7.898338220918865726e-01 -8.096578310518549870e-02
7.908113391984359364e-01 -8.112291305649321771e-02
7.917888563049853001e-01 -8.127930353610683667e-02
7.927663734115346639e-01 -8.143491345636022505e-02
7.937438905180840276e-01 -8.158969940911799112e-02
7.947214076246333914e-01 -8.174361553671430358e-02
7.956989247311827551e-01 -8.189661339675866070e-02
7.966764418377321189e-01 -8.204864182065589595e-02
7.976539589442814826e-01 -8.219964676557073302e-02
7.986314760508308463e-01 -8.234957115962045215e-02
7.996089931573802101e-01 -8.249835474011267544e-02
8.005865102639295738e-01 -8.264593388455175604e-02
8.015640273704789376e-01 -8.279224143425722993e-02
8.025415444770283013e-01 -8.293720651031780133e-02
8.035190615835776651e-01 -8.308075432167658092e-02
8.044965786901270288e-01 -8.322280596511699713e-02
8.054740957966763926e-01 -8.336327821695763141e-02
8.064516129032257563e-01 -8.350208331619697610e-02
8.074291300097751201e-01 -8.363912873889504940e-02
8.084066471163244838e-01 -8.377431696361981039e-02
8.093841642228738475e-01 -8.390754522768333057e-02
8.103616813294232113e-01 -8.403870527400786328e-02
8.113391984359725750e-01 -8.416768308843215751e-02
8.123167155425219388e-01 -8.429435862718617778e-02
8.132942326490713025e-01 -8.441860553442109838e-02
8.142717497556207773e-01 -8.454029084960235085e-02
8.152492668621701410e-01 -8.465927470457113024e-02
8.162267839687195048e-01 -8.477541001010696631e-02
8.172043010752688685e-01 -8.488854213188889997e-02
8.181818181818182323e-01 -8.499850855564733410e-02
8.191593352883675960e-01 -8.510513854142151557e-02
8.201368523949169598e-01 -8.520825276685690952e-02
8.211143695014663235e-01 -8.530766295932075416e-02
8.220918866080156873e-01 -8.540317151687822073e-02
8.230694037145650510e-01 -8.549457111798741682e-02
8.240469208211144148e-01 -8.558164431994493004e-02
8.250244379276637785e-01 -8.566416314595790005e-02
8.260019550342131422e-01 -8.574188866094367700e-02
8.269794721407625060e-01 -8.581457053600916041e-02
8.279569892473118697e-01 -8.588194660168259331e-02
8.289345063538612335e-01 -8.594374238998295223e-02
8.299120234604105972e-01 -8.599967066540151195e-02
8.308895405669599610e-01 -8.604943094490741240e-02
8.318670576735093247e-01 -8.609270900720961128e-02
8.328445747800586885e-01 -8.612917639136581649e-02
8.338220918866080522e-01 -8.615848988504351547e-02
8.347996089931574160e-01 -8.618029100262500353e-02
8.357771260997067797e-01 -8.619420545349326668e-02
8.367546432062561435e-01 -8.619984260082017014e-02
8.377321603128055072e-01 -8.619679491119222603e-02
8.387096774193548709e-01 -8.618463739551594782e-02
8.396871945259042347e-01 -8.616292704163208693e-02
8.406647116324535984e-01 -8.613120223914640106e-02
8.416422287390029622e-01 -8.608898219697740106e-02
8.426197458455523259e-01 -8.603576635426164743e-02
8.435972629521016897e-01 -8.597103378511533611e-02
8.445747800586510534e-01 -8.589424259812168672e-02
8.455522971652004172e-01 -8.580482933106237109e-02
8.465298142717497809e-01 -8.570220834176424385e-02
8.475073313782991447e-01 -8.558577119589379223e-02
8.484848484848485084e-01 -8.545488605247111846e-02
8.494623655913978721e-01 -8.530889704816836672e-02
8.504398826979472359e-01 -8.514712368121594988e-02
8.514173998044965996e-01 -8.496886019600793927e-02
8.523949169110459634e-01 -8.477337496948922357e-02
8.533724340175953271e-01 -8.455990990043701916e-02
8.543499511241446909e-01 -8.432767980285604814e-02
8.553274682306940546e-01 -8.407587180454484388e-02
8.563049853372434184e-01 -8.380364475243057276e-02
8.572825024437927821e-01 -8.351012862569082151e-02
8.582600195503421459e-01 -8.319442395822769509e-02
8.592375366568915096e-01 -8.285560127195289171e-02
8.602150537634408733e-01 -8.249270052220762650e-02
8.611925708699902371e-01 -8.210473055702108280e-02
8.621700879765396008e-01 -8.169066859170516504e-02
8.631476050830889646e-01 -8.124945970043587207e-02
8.641251221896383283e-01 -8.078001632648600105e-02
8.651026392961876921e-01 -8.028121781282696046e-02
8.660801564027370558e-01 -7.975190995488851131e-02
8.670576735092864196e-01 -7.919090457720487364e-02
8.680351906158357833e-01 -7.859697913581067952e-02
8.690127077223851471e-01 -7.796887634826066282e-02
8.699902248289345108e-01 -7.730530385317900544e-02
8.709677419354838745e-01 -7.660493390121606017e-02
8.719452590420332383e-01 -7.586640307933235905e-02
8.729227761485826020e-01 -7.508831207045088552e-02
8.739002932551319658e-01 -7.426922545045103186e-02
8.748778103616813295e-01 -7.340767152438507082e-02
8.758553274682306933e-01 -7.250214220404349597e-02
8.768328445747800570e-01 -7.155109292881040028e-02
8.778103616813294208e-01 -7.055294263182498860e-02
8.787878787878787845e-01 -6.950607375342965355e-02
8.797653958944281483e-01 -6.840883230392061365e-02
8.807429130009775120e-01 -6.725952797756387658e-02
8.817204301075268758e-01 -6.605643431977165081e-02
8.826979472140762395e-01 -6.479778894944841772e-02
8.836754643206256032e-01 -6.348179383835184098e-02
8.846529814271749670e-01 -6.210661564927189016e-02
8.856304985337243307e-01 -6.067038613498013794e-02
8.866080156402736945e-01 -5.917120259951075267e-02
8.875855327468230582e-01 -5.760712842360133507e-02
8.885630498533724220e-01 -5.597619365602179292e-02
8.895405669599217857e-01 -5.427639567203018656e-02
8.905180840664711495e-01 -5.250569990085771771e-02
8.914956011730205132e-01 -5.066204062335171593e-02
8.924731182795698770e-01 -4.874332184120329370e-02
8.934506353861192407e-01 -4.674741821897708538e-02
8.944281524926686044e-01 -4.467217610006467970e-02
8.954056695992179682e-01 -4.251541459762999547e-02
8.963831867057673319e-01 -4.027492676135592531e-02
8.973607038123166957e-01 -3.794848082083682184e-02
8.983382209188660594e-01 -3.553382150628780350e-02
8.993157380254154232e-01 -3.302867144709249747e-02
9.002932551319647869e-01 -3.043073264850512660e-02
9.012707722385141507e-01 -2.773768804687965633e-02
9.022482893450635144e-01 -2.494720314335141867e-02
9.032258064516128782e-01 -2.205692771615934411e-02
9.042033235581622419e-01 -1.906449761096638482e-02
9.051808406647116056e-01 -1.596753660928105709e-02
9.061583577712609694e-01 -1.276365837415312926e-02
9.071358748778103331e-01 -9.450468472217102289e-03
9.081133919843596969e-01 -6.025566471717910821e-03
9.090909090909090606e-01 -2.486548114840052282e-03
9.100684261974584244e-01 1.168992436603955021e-03
9.110459433040077881e-01 4.943460283620016577e-03
9.120234604105571519e-01 8.839257402448768425e-03
9.130009775171065156e-01 1.285878018864828470e-02
9.139784946236558794e-01 1.700441693488400144e-02
9.149560117302052431e-01 2.127854524480739945e-02
9.159335288367546068e-01 2.568352938536949681e-02
9.169110459433039706e-01 3.022171758016719764e-02
9.178885630498533343e-01 3.489543924673643022e-02
9.188660801564026981e-01 3.970700218082665739e-02
9.198435972629520618e-01 4.465868969078014283e-02
9.208211143695014256e-01 4.975275768553322903e-02
9.217986314760507893e-01 5.499143171975335448e-02
9.227761485826001531e-01 6.037690399995221391e-02
9.237536656891495168e-01 6.591133035552165786e-02
9.247311827956988806e-01 7.159682717885569592e-02
9.257086999022482443e-01 7.743546833877157365e-02
9.266862170087976081e-01 8.342928207186518785e-02
9.276637341153469718e-01 8.958024785630830378e-02
9.286412512218963355e-01 9.589029327293606408e-02
9.296187683284456993e-01 1.023612908585331549e-01
9.305962854349950630e-01 1.089950549563835636e-01
9.315738025415444268e-01 1.157933385693828698e-01
9.325513196480937905e-01 1.227578302207920496e-01
9.335288367546431543e-01 1.298901508283186734e-01
9.345063538611925180e-01 1.371918505969347002e-01
9.354838709677418818e-01 1.446644059359779300e-01
9.364613880742912455e-01 1.523092164063939158e-01
9.374389051808406093e-01 1.601276017036299404e-01
9.384164222873900840e-01 1.681207986822325084e-01
9.393939393939394478e-01 1.762899584279302434e-01
9.403714565004888115e-01 1.846361433828846155e-01
9.413489736070381753e-01 1.931603245302376259e-01
9.423264907135875390e-01 2.018633786437386557e-01
9.433040078201369028e-01 2.107460856083417933e-01
9.442815249266862665e-01 2.198091258175913498e-01
9.452590420332356302e-01 2.290530776536050528e-01
9.462365591397849940e-01 2.384784150554230542e-01
9.472140762463343577e-01 2.480855051814098988e-01
9.481915933528837215e-01 2.578746061712610116e-01
9.491691104594330852e-01 2.678458650130947638e-01
9.501466275659824490e-01 2.779993155210632727e-01
9.511241446725318127e-01 2.883348764286625121e-01
9.521016617790811765e-01 2.988523496028843152e-01
9.530791788856305402e-01 3.095514183841068800e-01
9.540566959921799040e-01 3.204316460565354574e-01
9.550342130987292677e-01 3.314924744537773305e-01
9.560117302052786314e-01 3.427332227038448198e-01
9.569892473118279952e-01 3.541530861178672773e-01
9.579667644183773589e-01 3.657511352263953519e-01
9.589442815249267227e-01 3.775263149669803586e-01
9.599217986314760864e-01 3.894774440265458271e-01
9.608993157380254502e-01 4.016032143416429223e-01
9.618768328445748139e-01 4.139021907595953897e-01
9.628543499511241777e-01 4.263728108631297253e-01
9.638318670576735414e-01 4.390133849608132688e-01
9.648093841642229052e-01 4.518220962453684542e-01
9.657869012707722689e-01 4.647970011215625252e-01
9.667644183773216326e-01 4.779360297050929685e-01
9.677419354838709964e-01 4.912369864935985375e-01
9.687194525904203601e-01 5.046975512104709960e-01
9.696969696969697239e-01 5.183152798219531343e-01
9.706744868035190876e-01 5.320876057276189286e-01
9.716520039100684514e-01 5.460118411239456293e-01
9.726295210166178151e-01 5.600851785404495908e-01
9.736070381231671789e-01 5.743046925474207809e-01
9.745845552297165426e-01 5.886673416339829323e-01
9.755620723362659064e-01 6.031699702548906084e-01
9.765395894428152701e-01 6.178093110440370239e-01
9.775171065493646338e-01 6.325819871922950810e-01
9.784946236559139976e-01 6.474845149869320471e-01
9.794721407624633613e-01 6.625133065093925522e-01
9.804496578690127251e-01 6.776646724878091499e-01
9.814271749755620888e-01 6.929348253003091429e-01
9.824046920821114526e-01 7.083198821248307686e-01
9.833822091886608163e-01 7.238158682310938952e-01
9.843597262952101801e-01 7.394187204106703604e-01
9.853372434017595438e-01 7.551242905414173867e-01
9.863147605083089076e-01 7.709283492836899176e-01
9.872922776148582713e-01 7.868265899069833980e-01
9.882697947214076351e-01 8.028146322471981788e-01
9.892473118279569988e-01 8.188880267962426185e-01
9.902248289345063625e-01 8.350422589267093576e-01
9.912023460410557263e-01 8.512727532544930309e-01
9.921798631476050900e-01 8.675748781409265975e-01
9.931573802541544538e-01 8.839439503329701298e-01
9.941348973607038175e-01 9.003752397351335590e-01
9.951124144672531813e-01 9.168639743004818321e-01
9.960899315738025450e-01 9.334053450208611435e-01
9.970674486803519088e-01 9.499945109895826523e-01
9.980449657869012725e-01 9.666266045042425370e-01
9.990224828934506363e-01 9.832967361744803236e-01
1.000000000000000000e+00 1.000000000000000000e+00
